Running as user "root" and group "root". This could be dangerous.

=============================
| IO Statistics             |
|                           |
| Duration: 59.645310 secs  |
| Interval:  1 secs         |
|                           |
| Col 1: tcp.port==2404     |
|---------------------------|
|          |1               |
| Interval | Frames | Bytes |
|---------------------------|
|  0 <>  1 |     16 |  1465 |
|  1 <>  2 |     20 |  1760 |
|  2 <>  3 |     12 |  1164 |
|  3 <>  4 |     17 |  1531 |
|  4 <>  5 |     21 |  1832 |
|  5 <>  6 |     15 |  1399 |
|  6 <>  7 |     17 |  1531 |
|  7 <>  8 |     12 |  1164 |
|  8 <>  9 |     22 |  1883 |
|  9 <> 10 |     31 |  2521 |
| 10 <> 11 |     25 |  2048 |
| 11 <> 12 |     24 |  1985 |
| 12 <> 13 |      7 |   615 |
| 13 <> 14 |      2 |   219 |
| 14 <> 15 |      0 |     0 |
| 15 <> 16 |      2 |   147 |
| 16 <> 17 |      4 |   294 |
| 17 <> 18 |      0 |     0 |
| 18 <> 19 |      0 |     0 |
| 19 <> 20 |      5 |   345 |
| 20 <> 21 |      2 |   147 |
| 21 <> 22 |      2 |   138 |
| 22 <> 23 |     54 |  4801 |
| 23 <> 24 |      3 |   291 |
| 24 <> 25 |      8 |   659 |
| 25 <> 26 |     48 |  4405 |
| 26 <> 27 |      6 |   582 |
| 27 <> 28 |     10 |   884 |
| 28 <> 29 |    115 | 10994 |
| 29 <> 30 |     17 |  1531 |
| 30 <> 31 |     22 |  1900 |
| 31 <> 32 |     12 |  1164 |
| 32 <> 33 |     16 |  1465 |
| 33 <> 34 |     12 |  1164 |
| 34 <> 35 |     12 |  1164 |
| 35 <> 36 |     22 |  1898 |
| 36 <> 37 |     17 |  1531 |
| 37 <> 38 |     12 |  1164 |
| 38 <> 39 |     17 |  1531 |
| 39 <> 40 |     12 |  1164 |
| 40 <> 41 |     16 |  1465 |
| 41 <> 42 |     12 |  1164 |
| 42 <> 43 |     17 |  1531 |
| 43 <> 44 |     12 |  1164 |
| 44 <> 45 |     22 |  1898 |
| 45 <> 46 |     12 |  1164 |
| 46 <> 47 |     12 |  1164 |
| 47 <> 48 |     16 |  1465 |
| 48 <> 49 |     12 |  1164 |
| 49 <> 50 |     17 |  1531 |
| 50 <> 51 |     22 |  1898 |
| 51 <> 52 |     17 |  1531 |
| 52 <> 53 |     17 |  1531 |
| 53 <> 54 |     17 |  1531 |
| 54 <> 55 |     12 |  1164 |
| 55 <> 56 |     16 |  1465 |
| 56 <> 57 |     12 |  1164 |
| 57 <> 58 |     12 |  1164 |
| 58 <> 59 |     22 |  1898 |
| 59 <> Dur|     12 |  1164 |
=============================
