Running as user "root" and group "root". This could be dangerous.

=============================
| IO Statistics             |
|                           |
| Duration: 59.125026 secs  |
| Interval:  1 secs         |
|                           |
| Col 1: Frames and bytes   |
|---------------------------|
|          |1               |
| Interval | Frames | Bytes |
|---------------------------|
|  0 <>  1 |     13 |  1317 |
|  1 <>  2 |     11 |  1011 |
|  2 <>  3 |     19 |  1671 |
|  3 <>  4 |     13 |  1230 |
|  4 <>  5 |     14 |  1433 |
|  5 <>  6 |     19 |  1694 |
|  6 <>  7 |     21 |  1826 |
|  7 <>  8 |     16 |  1459 |
|  8 <>  9 |     23 |  1955 |
|  9 <> 10 |     34 |  2642 |
| 10 <> 11 |     37 |  2951 |
| 11 <> 12 |     17 |  1519 |
| 12 <> 13 |      6 |   513 |
| 13 <> 14 |      2 |   147 |
| 14 <> 15 |      2 |   147 |
| 15 <> 16 |      0 |     0 |
| 16 <> 17 |      0 |     0 |
| 17 <> 18 |      0 |     0 |
| 18 <> 19 |      0 |     0 |
| 19 <> 20 |      2 |   147 |
| 20 <> 21 |      8 |   543 |
| 21 <> 22 |      3 |   198 |
| 22 <> 23 |      4 |   270 |
| 23 <> 24 |     99 |  9101 |
| 24 <> 25 |     53 |  4921 |
| 25 <> 26 |     61 |  5618 |
| 26 <> 27 |     17 |  1532 |
| 27 <> 28 |     17 |  1532 |
| 28 <> 29 |     12 |  1164 |
| 29 <> 30 |     12 |  1164 |
| 30 <> 31 |     21 |  1832 |
| 31 <> 32 |     17 |  1531 |
| 32 <> 33 |     17 |  1531 |
| 33 <> 34 |     12 |  1164 |
| 34 <> 35 |     13 |  1234 |
| 35 <> 36 |     17 |  1531 |
| 36 <> 37 |     18 |  1734 |
| 37 <> 38 |     17 |  1535 |
| 38 <> 39 |     17 |  1531 |
| 39 <> 40 |     17 |  1531 |
| 40 <> 41 |     12 |  1164 |
| 41 <> 42 |     12 |  1164 |
| 42 <> 43 |     22 |  1898 |
| 43 <> 44 |     17 |  1531 |
| 44 <> 45 |     12 |  1164 |
| 45 <> 46 |     16 |  1465 |
| 46 <> 47 |     12 |  1164 |
| 47 <> 48 |     22 |  1898 |
| 48 <> 49 |     12 |  1164 |
| 49 <> 50 |     17 |  1531 |
| 50 <> 51 |     12 |  1164 |
| 51 <> 52 |     27 |  2265 |
| 52 <> 53 |     12 |  1164 |
| 53 <> 54 |     21 |  1832 |
| 54 <> 55 |     17 |  1531 |
| 55 <> 56 |     12 |  1164 |
| 56 <> 57 |     12 |  1164 |
| 57 <> 58 |     17 |  1531 |
| 58 <> 59 |     12 |  1164 |
| 59 <> Dur|      8 |   658 |
=============================
