Running as user "root" and group "root". This could be dangerous.

=============================
| IO Statistics             |
|                           |
| Duration: 59.491761 secs  |
| Interval:  1 secs         |
|                           |
| Col 1: Frames and bytes   |
|---------------------------|
|          |1               |
| Interval | Frames | Bytes |
|---------------------------|
|  0 <>  1 |     17 |  1531 |
|  1 <>  2 |     12 |  1164 |
|  2 <>  3 |     17 |  1531 |
|  3 <>  4 |     18 |  1684 |
|  4 <>  5 |     11 |  1011 |
|  5 <>  6 |     17 |  1531 |
|  6 <>  7 |     12 |  1164 |
|  7 <>  8 |     12 |  1164 |
|  8 <>  9 |     24 |  2022 |
|  9 <> 10 |     33 |  2717 |
| 10 <> 11 |     41 |  3252 |
| 11 <> 12 |     30 |  2410 |
| 12 <> 13 |     29 |  2219 |
| 13 <> 14 |     31 |  2374 |
| 14 <> 15 |     18 |  1395 |
| 15 <> 16 |     16 |  1225 |
| 16 <> 17 |      2 |   147 |
| 17 <> 18 |      4 |   294 |
| 18 <> 19 |      3 |   198 |
| 19 <> 20 |      2 |   147 |
| 20 <> 21 |      2 |   138 |
| 21 <> 22 |     45 |  4021 |
| 22 <> 23 |      3 |   291 |
| 23 <> 24 |     11 |   857 |
| 24 <> 25 |     41 |  3865 |
| 25 <> 26 |      6 |   582 |
| 26 <> 27 |     63 |  5811 |
| 27 <> 28 |     12 |  1071 |
| 28 <> 29 |     19 |  1608 |
| 29 <> 30 |      9 |   873 |
| 30 <> 31 |     52 |  5134 |
| 31 <> 32 |     22 |  1898 |
| 32 <> 33 |     17 |  1532 |
| 33 <> 34 |     17 |  1531 |
| 34 <> 35 |     22 |  1898 |
| 35 <> 36 |     17 |  1531 |
| 36 <> 37 |     12 |  1164 |
| 37 <> 38 |     22 |  1898 |
| 38 <> 39 |     22 |  1898 |
| 39 <> 40 |     12 |  1164 |
| 40 <> 41 |     12 |  1164 |
| 41 <> 42 |     12 |  1164 |
| 42 <> 43 |     12 |  1164 |
| 43 <> 44 |     17 |  1531 |
| 44 <> 45 |     17 |  1531 |
| 45 <> 46 |     17 |  1531 |
| 46 <> 47 |     17 |  1531 |
| 47 <> 48 |     12 |  1164 |
| 48 <> 49 |     12 |  1164 |
| 49 <> 50 |     12 |  1164 |
| 50 <> 51 |     22 |  1898 |
| 51 <> 52 |     12 |  1164 |
| 52 <> 53 |     17 |  1531 |
| 53 <> 54 |     22 |  1898 |
| 54 <> 55 |     17 |  1531 |
| 55 <> 56 |     12 |  1164 |
| 56 <> 57 |     17 |  1531 |
| 57 <> 58 |     17 |  1531 |
| 58 <> 59 |     12 |  1164 |
| 59 <> Dur|      9 |   873 |
=============================
