Running as user "root" and group "root". This could be dangerous.

=============================
| IO Statistics             |
|                           |
| Duration: 59.159726 secs  |
| Interval:  1 secs         |
|                           |
| Col 1: Frames and bytes   |
|---------------------------|
|          |1               |
| Interval | Frames | Bytes |
|---------------------------|
|  0 <>  1 |     16 |  1465 |
|  1 <>  2 |     17 |  1531 |
|  2 <>  3 |     16 |  1465 |
|  3 <>  4 |     16 |  1465 |
|  4 <>  5 |     15 |  1393 |
|  5 <>  6 |     19 |  1694 |
|  6 <>  7 |     15 |  1393 |
|  7 <>  8 |     12 |  1164 |
|  8 <>  9 |     24 |  2021 |
|  9 <> 10 |     31 |  2579 |
| 10 <> 11 |     29 |  2490 |
| 11 <> 12 |     16 |  1528 |
| 12 <> 13 |     17 |  1427 |
| 13 <> 14 |     11 |   988 |
| 14 <> 15 |     19 |  1553 |
| 15 <> 16 |     10 |   928 |
| 16 <> 17 |      5 |   452 |
| 17 <> 18 |      0 |     0 |
| 18 <> 19 |      2 |   147 |
| 19 <> 20 |      0 |     0 |
| 20 <> 21 |      0 |     0 |
| 21 <> 22 |      3 |   198 |
| 22 <> 23 |      5 |   345 |
| 23 <> 24 |      4 |   268 |
| 24 <> 25 |     52 |  4576 |
| 25 <> 26 |     58 |  5354 |
| 26 <> 27 |     49 |  4509 |
| 27 <> 28 |     52 |  4800 |
| 28 <> 29 |     18 |  1735 |
| 29 <> 30 |     17 |  1532 |
| 30 <> 31 |     12 |  1164 |
| 31 <> 32 |     17 |  1531 |
| 32 <> 33 |     16 |  1465 |
| 33 <> 34 |     21 |  1832 |
| 34 <> 35 |     21 |  1832 |
| 35 <> 36 |     17 |  1531 |
| 36 <> 37 |     17 |  1531 |
| 37 <> 38 |     22 |  1898 |
| 38 <> 39 |     12 |  1164 |
| 39 <> 40 |     21 |  1832 |
| 40 <> 41 |     12 |  1164 |
| 41 <> 42 |     22 |  1898 |
| 42 <> 43 |     12 |  1164 |
| 43 <> 44 |     12 |  1164 |
| 44 <> 45 |     17 |  1531 |
| 45 <> 46 |     12 |  1164 |
| 46 <> 47 |     12 |  1164 |
| 47 <> 48 |     16 |  1465 |
| 48 <> 49 |     16 |  1465 |
| 49 <> 50 |     17 |  1531 |
| 50 <> 51 |     27 |  2265 |
| 51 <> 52 |     16 |  1465 |
| 52 <> 53 |     12 |  1164 |
| 53 <> 54 |     12 |  1164 |
| 54 <> 55 |     16 |  1465 |
| 55 <> 56 |     22 |  1898 |
| 56 <> 57 |     13 |  1230 |
| 57 <> 58 |     18 |  1597 |
| 58 <> 59 |     17 |  1531 |
| 59 <> Dur|     10 |   883 |
=============================
