Running as user "root" and group "root". This could be dangerous.

=============================
| IO Statistics             |
|                           |
| Duration: 59.108636 secs  |
| Interval:  1 secs         |
|                           |
| Col 1: Frames and bytes   |
|---------------------------|
|          |1               |
| Interval | Frames | Bytes |
|---------------------------|
|  0 <>  1 |      4 |   444 |
|  1 <>  2 |      2 |   138 |
|  2 <>  3 |      3 |   291 |
|  3 <>  4 |      8 |   700 |
|  4 <>  5 |      6 |   520 |
|  5 <>  6 |      4 |  1155 |
|  6 <>  7 |      3 |   291 |
|  7 <>  8 |      7 |   592 |
|  8 <>  9 |      3 |   291 |
|  9 <> 10 |     12 |  1827 |
| 10 <> 11 |      4 |   357 |
| 11 <> 12 |     10 |   781 |
| 12 <> 13 |      5 |   439 |
| 13 <> 14 |      4 |   637 |
| 14 <> 15 |      3 |  1083 |
| 15 <> 16 |      0 |     0 |
| 16 <> 17 |      1 |    90 |
| 17 <> 18 |      3 |   237 |
| 18 <> 19 |      0 |     0 |
| 19 <> 20 |      2 |  1728 |
| 20 <> 21 |      0 |     0 |
| 21 <> 22 |      0 |     0 |
| 22 <> 23 |      0 |     0 |
| 23 <> 24 |      0 |     0 |
| 24 <> 25 |      0 |     0 |
| 25 <> 26 |      4 |  1062 |
| 26 <> 27 |      0 |     0 |
| 27 <> 28 |      0 |     0 |
| 28 <> 29 |     52 |  5560 |
| 29 <> 30 |      3 |   291 |
| 30 <> 31 |      6 |   521 |
| 31 <> 32 |      3 |   291 |
| 32 <> 33 |      3 |   291 |
| 33 <> 34 |      3 |   291 |
| 34 <> 35 |      4 |  1155 |
| 35 <> 36 |      6 |   520 |
| 36 <> 37 |      5 |   423 |
| 37 <> 38 |      4 |   357 |
| 38 <> 39 |      3 |   291 |
| 39 <> 40 |      6 |   497 |
| 40 <> 41 |      4 |   357 |
| 41 <> 42 |      3 |   291 |
| 42 <> 43 |      6 |   520 |
| 43 <> 44 |      6 |   520 |
| 44 <> 45 |      3 |   291 |
| 45 <> 46 |      6 |   763 |
| 46 <> 47 |      4 |   357 |
| 47 <> 48 |      5 |   427 |
| 48 <> 49 |      7 |   586 |
| 49 <> 50 |      3 |   291 |
| 50 <> 51 |      3 |   291 |
| 51 <> 52 |      3 |   291 |
| 52 <> 53 |      3 |   291 |
| 53 <> 54 |      4 |   357 |
| 54 <> 55 |      4 |   357 |
| 55 <> 56 |      3 |   291 |
| 56 <> 57 |      6 |   520 |
| 57 <> 58 |      3 |   291 |
| 58 <> 59 |      3 |   291 |
| 59 <> Dur|      6 |   520 |
=============================
