Running as user "root" and group "root". This could be dangerous.

=============================
| IO Statistics             |
|                           |
| Duration: 59.535401 secs  |
| Interval:  1 secs         |
|                           |
| Col 1: Frames and bytes   |
|---------------------------|
|          |1               |
| Interval | Frames | Bytes |
|---------------------------|
|  0 <>  1 |     13 |  1317 |
|  1 <>  2 |     12 |  1164 |
|  2 <>  3 |     14 |  1240 |
|  3 <>  4 |     25 |  3717 |
|  4 <>  5 |     19 |  1694 |
|  5 <>  6 |     14 |  1302 |
|  6 <>  7 |     16 |  1459 |
|  7 <>  8 |     20 |  1766 |
|  8 <>  9 |     20 |  1724 |
|  9 <> 10 |     24 |  2134 |
| 10 <> 11 |     14 |  1296 |
| 11 <> 12 |     26 |  2092 |
| 12 <> 13 |     14 |  1394 |
| 13 <> 14 |     21 |  1737 |
| 14 <> 15 |     11 |  1041 |
| 15 <> 16 |     17 |  1364 |
| 16 <> 17 |      5 |   465 |
| 17 <> 18 |      5 |   448 |
| 18 <> 19 |      2 |   207 |
| 19 <> 20 |      5 |   345 |
| 20 <> 21 |      0 |     0 |
| 21 <> 22 |      0 |     0 |
| 22 <> 23 |     49 |  4378 |
| 23 <> 24 |      6 |   489 |
| 24 <> 25 |     10 |   806 |
| 25 <> 26 |      7 |   561 |
| 26 <> 27 |     46 |  4180 |
| 27 <> 28 |      6 |   582 |
| 28 <> 29 |     63 |  5712 |
| 29 <> 30 |     16 |  1372 |
| 30 <> 31 |     12 |  1103 |
| 31 <> 32 |      9 |   873 |
| 32 <> 33 |     63 |  5804 |
| 33 <> 34 |     17 |  1531 |
| 34 <> 35 |     17 |  1532 |
| 35 <> 36 |     15 |  1393 |
| 36 <> 37 |     14 |  1296 |
| 37 <> 38 |     18 |  1597 |
| 38 <> 39 |     13 |  1234 |
| 39 <> 40 |     23 |  1964 |
| 40 <> 41 |     14 |  1300 |
| 41 <> 42 |     12 |  1164 |
| 42 <> 43 |     20 |  1760 |
| 43 <> 44 |     15 |  1393 |
| 44 <> 45 |     13 |  1367 |
| 45 <> 46 |     28 |  2331 |
| 46 <> 47 |     13 |  1230 |
| 47 <> 48 |     13 |  1230 |
| 48 <> 49 |     21 |  1826 |
| 49 <> 50 |     12 |  1164 |
| 50 <> 51 |     17 |  1531 |
| 51 <> 52 |     12 |  1164 |
| 52 <> 53 |     12 |  1164 |
| 53 <> 54 |     18 |  1597 |
| 54 <> 55 |     18 |  1597 |
| 55 <> 56 |     12 |  1164 |
| 56 <> 57 |     15 |  1393 |
| 57 <> 58 |     12 |  1164 |
| 58 <> 59 |     17 |  1531 |
| 59 <> Dur|     12 |  1102 |
=============================
