Running as user "root" and group "root". This could be dangerous.

=============================
| IO Statistics             |
|                           |
| Duration: 59.581394 secs  |
| Interval:  1 secs         |
|                           |
| Col 1: tcp.port==2404     |
|---------------------------|
|          |1               |
| Interval | Frames | Bytes |
|---------------------------|
|  0 <>  1 |     15 |  1362 |
|  1 <>  2 |     24 |  2061 |
|  2 <>  3 |     16 |  1465 |
|  3 <>  4 |     12 |  1164 |
|  4 <>  5 |     15 |  1393 |
|  5 <>  6 |     16 |  1465 |
|  6 <>  7 |     15 |  1399 |
|  7 <>  8 |     15 |  1393 |
|  8 <>  9 |     19 |  1654 |
|  9 <> 10 |     18 |  1598 |
| 10 <> 11 |     17 |  1531 |
| 11 <> 12 |     12 |  1164 |
| 12 <> 13 |     32 |  2609 |
| 13 <> 14 |     15 |  1321 |
| 14 <> 15 |     12 |  1108 |
| 15 <> 16 |     16 |  1385 |
| 16 <> 17 |     15 |  1354 |
| 17 <> 18 |      6 |   604 |
| 18 <> 19 |      5 |   522 |
| 19 <> 20 |     17 |  1377 |
| 20 <> 21 |      4 |   383 |
| 21 <> 22 |      6 |   499 |
| 22 <> 23 |      7 |   564 |
| 23 <> 24 |      3 |   289 |
| 24 <> 25 |     51 |  4624 |
| 25 <> 26 |     41 |  3664 |
| 26 <> 27 |     13 |  1088 |
| 27 <> 28 |     11 |   950 |
| 28 <> 29 |      9 |   780 |
| 29 <> 30 |      8 |   720 |
| 30 <> 31 |      6 |   582 |
| 31 <> 32 |     60 |  5327 |
| 32 <> 33 |     14 |  1240 |
| 33 <> 34 |     17 |  1439 |
| 34 <> 35 |      9 |   873 |
| 35 <> 36 |      9 |   873 |
| 36 <> 37 |     50 |  4816 |
| 37 <> 38 |     17 |  1531 |
| 38 <> 39 |     27 |  2266 |
| 39 <> 40 |     12 |  1164 |
| 40 <> 41 |     12 |  1164 |
| 41 <> 42 |     12 |  1164 |
| 42 <> 43 |     17 |  1531 |
| 43 <> 44 |     22 |  1898 |
| 44 <> 45 |     12 |  1164 |
| 45 <> 46 |     17 |  1531 |
| 46 <> 47 |     22 |  1898 |
| 47 <> 48 |     22 |  1898 |
| 48 <> 49 |     12 |  1164 |
| 49 <> 50 |     17 |  1531 |
| 50 <> 51 |     17 |  1531 |
| 51 <> 52 |     17 |  1531 |
| 52 <> 53 |     12 |  1164 |
| 53 <> 54 |     17 |  1531 |
| 54 <> 55 |     17 |  1531 |
| 55 <> 56 |     22 |  1898 |
| 56 <> 57 |     17 |  1531 |
| 57 <> 58 |     17 |  1531 |
| 58 <> 59 |     12 |  1164 |
| 59 <> Dur|     19 |  1607 |
=============================
