Running as user "root" and group "root". This could be dangerous.

=============================
| IO Statistics             |
|                           |
| Duration: 59.629199 secs  |
| Interval:  1 secs         |
|                           |
| Col 1: Frames and bytes   |
|---------------------------|
|          |1               |
| Interval | Frames | Bytes |
|---------------------------|
|  0 <>  1 |     15 |  2247 |
|  1 <>  2 |     20 |  1691 |
|  2 <>  3 |     13 |  1230 |
|  3 <>  4 |     16 |  1459 |
|  4 <>  5 |     21 |  1857 |
|  5 <>  6 |     16 |  1440 |
|  6 <>  7 |     15 |  1362 |
|  7 <>  8 |     16 |  1459 |
|  8 <>  9 |     24 |  2028 |
|  9 <> 10 |     32 |  2596 |
| 10 <> 11 |     23 |  1911 |
| 11 <> 12 |     21 |  1673 |
| 12 <> 13 |      5 |   448 |
| 13 <> 14 |      4 |   294 |
| 14 <> 15 |      2 |   147 |
| 15 <> 16 |      0 |     0 |
| 16 <> 17 |      2 |   147 |
| 17 <> 18 |      0 |     0 |
| 18 <> 19 |      0 |     0 |
| 19 <> 20 |      0 |     0 |
| 20 <> 21 |      7 |   492 |
| 21 <> 22 |      6 |   406 |
| 22 <> 23 |      2 |   138 |
| 23 <> 24 |     49 |  4564 |
| 24 <> 25 |     55 |  5057 |
| 25 <> 26 |     14 |  1148 |
| 26 <> 27 |     11 |   950 |
| 27 <> 28 |      7 |   648 |
| 28 <> 29 |     66 |  6288 |
| 29 <> 30 |      9 |   873 |
| 30 <> 31 |     21 |  1740 |
| 31 <> 32 |     67 |  6527 |
| 32 <> 33 |     12 |  1164 |
| 33 <> 34 |     17 |  1532 |
| 34 <> 35 |     12 |  1164 |
| 35 <> 36 |     22 |  1898 |
| 36 <> 37 |     12 |  1164 |
| 37 <> 38 |     12 |  1164 |
| 38 <> 39 |     17 |  1531 |
| 39 <> 40 |     17 |  1531 |
| 40 <> 41 |     17 |  1531 |
| 41 <> 42 |     17 |  1531 |
| 42 <> 43 |     12 |  1164 |
| 43 <> 44 |     20 |  1760 |
| 44 <> 45 |     17 |  1531 |
| 45 <> 46 |     20 |  1760 |
| 46 <> 47 |     15 |  1393 |
| 47 <> 48 |     12 |  1164 |
| 48 <> 49 |     17 |  1531 |
| 49 <> 50 |     17 |  1531 |
| 50 <> 51 |     17 |  1531 |
| 51 <> 52 |     15 |  1393 |
| 52 <> 53 |     12 |  1164 |
| 53 <> 54 |     18 |  1597 |
| 54 <> 55 |     13 |  1230 |
| 55 <> 56 |     12 |  1164 |
| 56 <> 57 |     17 |  1531 |
| 57 <> 58 |     12 |  1164 |
| 58 <> 59 |     22 |  1898 |
| 59 <> Dur|     17 |  1469 |
=============================
