Running as user "root" and group "root". This could be dangerous.

=============================
| IO Statistics             |
|                           |
| Duration: 59.548780 secs  |
| Interval:  1 secs         |
|                           |
| Col 1: Frames and bytes   |
|---------------------------|
|          |1               |
| Interval | Frames | Bytes |
|---------------------------|
|  0 <>  1 |     18 |  1684 |
|  1 <>  2 |     19 |  1613 |
|  2 <>  3 |     24 |  2067 |
|  3 <>  4 |     13 |  2028 |
|  4 <>  5 |     20 |  4210 |
|  5 <>  6 |     15 |  1312 |
|  6 <>  7 |     12 |  1164 |
|  7 <>  8 |     12 |  1164 |
|  8 <>  9 |     19 |  1654 |
|  9 <> 10 |     33 |  2650 |
| 10 <> 11 |     19 |  1575 |
| 11 <> 12 |     24 |  1908 |
| 12 <> 13 |      9 |   816 |
| 13 <> 14 |      2 |   147 |
| 14 <> 15 |      2 |   147 |
| 15 <> 16 |      0 |     0 |
| 16 <> 17 |      0 |     0 |
| 17 <> 18 |      0 |     0 |
| 18 <> 19 |      3 |   217 |
| 19 <> 20 |      2 |   147 |
| 20 <> 21 |      6 |   396 |
| 21 <> 22 |      0 |     0 |
| 22 <> 23 |      0 |     0 |
| 23 <> 24 |    101 |  9140 |
| 24 <> 25 |      6 |   582 |
| 25 <> 26 |     18 |  1450 |
| 26 <> 27 |     95 |  9116 |
| 27 <> 28 |     12 |  1164 |
| 28 <> 29 |     21 |  1965 |
| 29 <> 30 |     12 |  1164 |
| 30 <> 31 |     23 |  1964 |
| 31 <> 32 |     13 |  1230 |
| 32 <> 33 |     12 |  1164 |
| 33 <> 34 |     20 |  1760 |
| 34 <> 35 |     13 |  1234 |
| 35 <> 36 |     12 |  1164 |
| 36 <> 37 |     24 |  2030 |
| 37 <> 38 |     12 |  1164 |
| 38 <> 39 |     20 |  1760 |
| 39 <> 40 |     22 |  1898 |
| 40 <> 41 |     13 |  1230 |
| 41 <> 42 |     21 |  1826 |
| 42 <> 43 |     12 |  1164 |
| 43 <> 44 |     14 |  1296 |
| 44 <> 45 |     24 |  2030 |
| 45 <> 46 |     12 |  1164 |
| 46 <> 47 |     20 |  1760 |
| 47 <> 48 |     12 |  1164 |
| 48 <> 49 |     13 |  1230 |
| 49 <> 50 |     31 |  2560 |
| 50 <> 51 |     13 |  1230 |
| 51 <> 52 |     14 |  1296 |
| 52 <> 53 |     13 |  1230 |
| 53 <> 54 |     12 |  1164 |
| 54 <> 55 |     12 |  1164 |
| 55 <> 56 |     12 |  1164 |
| 56 <> 57 |     22 |  1898 |
| 57 <> 58 |     12 |  1164 |
| 58 <> 59 |     21 |  1832 |
| 59 <> Dur|     12 |  1164 |
=============================
