Running as user "root" and group "root". This could be dangerous.

=============================
| IO Statistics             |
|                           |
| Duration: 59.756869 secs  |
| Interval:  1 secs         |
|                           |
| Col 1: Frames and bytes   |
|---------------------------|
|          |1               |
| Interval | Frames | Bytes |
|---------------------------|
|  0 <>  1 |     18 |  1597 |
|  1 <>  2 |     17 |  1531 |
|  2 <>  3 |     12 |  1164 |
|  3 <>  4 |     12 |  1164 |
|  4 <>  5 |     12 |  1164 |
|  5 <>  6 |     20 |  1766 |
|  6 <>  7 |     19 |  1694 |
|  7 <>  8 |     17 |  1531 |
|  8 <>  9 |     30 |  2455 |
|  9 <> 10 |     14 |  1296 |
| 10 <> 11 |     16 |  1443 |
| 11 <> 12 |     27 |  2219 |
| 12 <> 13 |     13 |  1185 |
| 13 <> 14 |      8 |   823 |
| 14 <> 15 |     14 |  1250 |
| 15 <> 16 |     21 |  1740 |
| 16 <> 17 |     13 |  1183 |
| 17 <> 18 |      6 |   592 |
| 18 <> 19 |      7 |   657 |
| 19 <> 20 |     23 |  1811 |
| 20 <> 21 |     11 |   969 |
| 21 <> 22 |      5 |   460 |
| 22 <> 23 |     49 |  4399 |
| 23 <> 24 |      6 |   580 |
| 24 <> 25 |      8 |   659 |
| 25 <> 26 |      3 |   291 |
| 26 <> 27 |      3 |   291 |
| 27 <> 28 |      6 |   489 |
| 28 <> 29 |      5 |   429 |
| 29 <> 30 |     11 |   856 |
| 30 <> 31 |     53 |  4921 |
| 31 <> 32 |      7 |   652 |
| 32 <> 33 |     57 |  5130 |
| 33 <> 34 |     46 |  4273 |
| 34 <> 35 |     17 |  1532 |
| 35 <> 36 |     18 |  1735 |
| 36 <> 37 |     17 |  1531 |
| 37 <> 38 |     17 |  1531 |
| 38 <> 39 |     12 |  1164 |
| 39 <> 40 |     22 |  1898 |
| 40 <> 41 |     27 |  2265 |
| 41 <> 42 |     17 |  1531 |
| 42 <> 43 |     13 |  1230 |
| 43 <> 44 |     23 |  1964 |
| 44 <> 45 |     22 |  1898 |
| 45 <> 46 |     13 |  1230 |
| 46 <> 47 |     13 |  1230 |
| 47 <> 48 |     13 |  1230 |
| 48 <> 49 |     13 |  1230 |
| 49 <> 50 |     12 |  1164 |
| 50 <> 51 |     17 |  1531 |
| 51 <> 52 |     22 |  1898 |
| 52 <> 53 |     18 |  1597 |
| 53 <> 54 |     13 |  1230 |
| 54 <> 55 |     17 |  1531 |
| 55 <> 56 |     22 |  1898 |
| 56 <> 57 |     17 |  1531 |
| 57 <> 58 |     17 |  1531 |
| 58 <> 59 |     17 |  1531 |
| 59 <> Dur|     12 |  1164 |
=============================
