Running as user "root" and group "root". This could be dangerous.

=============================
| IO Statistics             |
|                           |
| Duration: 59.734087 secs  |
| Interval:  1 secs         |
|                           |
| Col 1: Frames and bytes   |
|---------------------------|
|          |1               |
| Interval | Frames | Bytes |
|---------------------------|
|  0 <>  1 |     12 |  1164 |
|  1 <>  2 |     13 |  1317 |
|  2 <>  3 |     13 |  1234 |
|  3 <>  4 |     22 |  1898 |
|  4 <>  5 |     11 |  1011 |
|  5 <>  6 |     12 |  1164 |
|  6 <>  7 |     12 |  1164 |
|  7 <>  8 |     22 |  1898 |
|  8 <>  9 |     19 |  1654 |
|  9 <> 10 |     42 |  3370 |
| 10 <> 11 |     36 |  2884 |
| 11 <> 12 |     29 |  2345 |
| 12 <> 13 |     27 |  2072 |
| 13 <> 14 |     34 |  2733 |
| 14 <> 15 |     23 |  1707 |
| 15 <> 16 |     23 |  1763 |
| 16 <> 17 |     11 |   786 |
| 17 <> 18 |      0 |     0 |
| 18 <> 19 |      0 |     0 |
| 19 <> 20 |      0 |     0 |
| 20 <> 21 |      6 |   432 |
| 21 <> 22 |      4 |   294 |
| 22 <> 23 |      4 |   294 |
| 23 <> 24 |      2 |   138 |
| 24 <> 25 |      7 |   468 |
| 25 <> 26 |      0 |     0 |
| 26 <> 27 |      2 |   138 |
| 27 <> 28 |    111 | 10451 |
| 28 <> 29 |      6 |   582 |
| 29 <> 30 |     16 |  1318 |
| 30 <> 31 |     99 |  9752 |
| 31 <> 32 |     12 |  1164 |
| 32 <> 33 |     22 |  1900 |
| 33 <> 34 |     12 |  1164 |
| 34 <> 35 |     22 |  1898 |
| 35 <> 36 |     13 |  1234 |
| 36 <> 37 |     13 |  1367 |
| 37 <> 38 |     22 |  1898 |
| 38 <> 39 |     22 |  1898 |
| 39 <> 40 |     22 |  1898 |
| 40 <> 41 |     12 |  1164 |
| 41 <> 42 |     22 |  1898 |
| 42 <> 43 |     12 |  1164 |
| 43 <> 44 |     12 |  1164 |
| 44 <> 45 |     12 |  1164 |
| 45 <> 46 |     32 |  2632 |
| 46 <> 47 |     22 |  1898 |
| 47 <> 48 |     12 |  1164 |
| 48 <> 49 |     12 |  1164 |
| 49 <> 50 |     12 |  1164 |
| 50 <> 51 |     22 |  1898 |
| 51 <> 52 |     12 |  1164 |
| 52 <> 53 |     12 |  1164 |
| 53 <> 54 |     12 |  1164 |
| 54 <> 55 |     12 |  1164 |
| 55 <> 56 |     22 |  1898 |
| 56 <> 57 |     22 |  1898 |
| 57 <> 58 |     12 |  1164 |
| 58 <> 59 |     12 |  1164 |
| 59 <> Dur|     22 |  1898 |
=============================
