Running as user "root" and group "root". This could be dangerous.

=============================
| IO Statistics             |
|                           |
| Duration: 59.556676 secs  |
| Interval:  1 secs         |
|                           |
| Col 1: Frames and bytes   |
|---------------------------|
|          |1               |
| Interval | Frames | Bytes |
|---------------------------|
|  0 <>  1 |     21 |  1832 |
|  1 <>  2 |     12 |  1164 |
|  2 <>  3 |     21 |  1832 |
|  3 <>  4 |     16 |  1465 |
|  4 <>  5 |     17 |  1531 |
|  5 <>  6 |     12 |  1164 |
|  6 <>  7 |     12 |  1164 |
|  7 <>  8 |     12 |  1164 |
|  8 <>  9 |     12 |  1164 |
|  9 <> 10 |     12 |  1164 |
| 10 <> 11 |     21 |  1832 |
| 11 <> 12 |     16 |  1465 |
| 12 <> 13 |     17 |  1531 |
| 13 <> 14 |     12 |  1164 |
| 14 <> 15 |     16 |  1465 |
| 15 <> 16 |     17 |  1531 |
| 16 <> 17 |     12 |  1164 |
| 17 <> 18 |     12 |  1164 |
| 18 <> 19 |     25 |  2133 |
| 19 <> 20 |     21 |  1832 |
| 20 <> 21 |     17 |  1531 |
| 21 <> 22 |     12 |  1164 |
| 22 <> 23 |     12 |  1164 |
| 23 <> 24 |     12 |  1164 |
| 24 <> 25 |     16 |  1465 |
| 25 <> 26 |     17 |  1531 |
| 26 <> 27 |     12 |  1164 |
| 27 <> 28 |     21 |  1832 |
| 28 <> 29 |     12 |  1164 |
| 29 <> 30 |     12 |  1164 |
| 30 <> 31 |     12 |  1164 |
| 31 <> 32 |     12 |  1164 |
| 32 <> 33 |     16 |  1465 |
| 33 <> 34 |     17 |  1531 |
| 34 <> 35 |     12 |  1164 |
| 35 <> 36 |     21 |  1832 |
| 36 <> 37 |     12 |  1164 |
| 37 <> 38 |     16 |  1465 |
| 38 <> 39 |     17 |  1531 |
| 39 <> 40 |     12 |  1164 |
| 40 <> 41 |     21 |  1832 |
| 41 <> 42 |     12 |  1164 |
| 42 <> 43 |     21 |  1832 |
| 43 <> 44 |     12 |  1164 |
| 44 <> 45 |     12 |  1164 |
| 45 <> 46 |     16 |  1465 |
| 46 <> 47 |     17 |  1531 |
| 47 <> 48 |     12 |  1164 |
| 48 <> 49 |     12 |  1164 |
| 49 <> 50 |     12 |  1164 |
| 50 <> 51 |     12 |  1164 |
| 51 <> 52 |     21 |  1832 |
| 52 <> 53 |     12 |  1164 |
| 53 <> 54 |     16 |  1465 |
| 54 <> 55 |     17 |  1531 |
| 55 <> 56 |     12 |  1164 |
| 56 <> 57 |     12 |  1164 |
| 57 <> 58 |     12 |  1164 |
| 58 <> 59 |     21 |  1832 |
| 59 <> Dur|     12 |  1164 |
=============================
