Running as user "root" and group "root". This could be dangerous.

=============================
| IO Statistics             |
|                           |
| Duration: 59.569050 secs  |
| Interval:  1 secs         |
|                           |
| Col 1: tcp.port==2404     |
|---------------------------|
|          |1               |
| Interval | Frames | Bytes |
|---------------------------|
|  0 <>  1 |     21 |  1919 |
|  1 <>  2 |     12 |  1164 |
|  2 <>  3 |     19 |  1613 |
|  3 <>  4 |     28 |  2362 |
|  4 <>  5 |     20 |  1766 |
|  5 <>  6 |     12 |  1164 |
|  6 <>  7 |     20 |  1760 |
|  7 <>  8 |     20 |  1766 |
|  8 <>  9 |     19 |  1654 |
|  9 <> 10 |     39 |  3150 |
| 10 <> 11 |     32 |  2588 |
| 11 <> 12 |     29 |  2345 |
| 12 <> 13 |     25 |  1932 |
| 13 <> 14 |     32 |  2502 |
| 14 <> 15 |     23 |  1770 |
| 15 <> 16 |     23 |  1763 |
| 16 <> 17 |      7 |   492 |
| 17 <> 18 |      0 |     0 |
| 18 <> 19 |      0 |     0 |
| 19 <> 20 |      2 |   138 |
| 20 <> 21 |      4 |   294 |
| 21 <> 22 |      0 |     0 |
| 22 <> 23 |      6 |   432 |
| 23 <> 24 |      2 |   138 |
| 24 <> 25 |      0 |     0 |
| 25 <> 26 |     12 |   792 |
| 26 <> 27 |      0 |     0 |
| 27 <> 28 |      0 |     0 |
| 28 <> 29 |    207 | 19540 |
| 29 <> 30 |     12 |  1164 |
| 30 <> 31 |     30 |  2498 |
| 31 <> 32 |     12 |  1164 |
| 32 <> 33 |     12 |  1164 |
| 33 <> 34 |     12 |  1164 |
| 34 <> 35 |     12 |  1164 |
| 35 <> 36 |     30 |  2494 |
| 36 <> 37 |     12 |  1164 |
| 37 <> 38 |     12 |  1164 |
| 38 <> 39 |     30 |  2494 |
| 39 <> 40 |     12 |  1164 |
| 40 <> 41 |     12 |  1164 |
| 41 <> 42 |     22 |  1898 |
| 42 <> 43 |     12 |  1164 |
| 43 <> 44 |     12 |  1164 |
| 44 <> 45 |     12 |  1164 |
| 45 <> 46 |     21 |  1832 |
| 46 <> 47 |     12 |  1164 |
| 47 <> 48 |     12 |  1164 |
| 48 <> 49 |     12 |  1164 |
| 49 <> 50 |     12 |  1164 |
| 50 <> 51 |     30 |  2494 |
| 51 <> 52 |     12 |  1164 |
| 52 <> 53 |     20 |  1760 |
| 53 <> 54 |     12 |  1164 |
| 54 <> 55 |     12 |  1164 |
| 55 <> 56 |     12 |  1164 |
| 56 <> 57 |     12 |  1164 |
| 57 <> 58 |     12 |  1164 |
| 58 <> 59 |     22 |  1898 |
| 59 <> Dur|     20 |  1760 |
=============================
