Running as user "root" and group "root". This could be dangerous.

=============================
| IO Statistics             |
|                           |
| Duration: 59.765433 secs  |
| Interval:  1 secs         |
|                           |
| Col 1: Frames and bytes   |
|---------------------------|
|          |1               |
| Interval | Frames | Bytes |
|---------------------------|
|  0 <>  1 |     15 |  1393 |
|  1 <>  2 |     20 |  1822 |
|  2 <>  3 |     12 |  1081 |
|  3 <>  4 |     18 |  1709 |
|  4 <>  5 |     18 |  1516 |
|  5 <>  6 |     14 |  1325 |
|  6 <>  7 |     18 |  1684 |
|  7 <>  8 |     14 |  1240 |
|  8 <>  9 |     25 |  2224 |
|  9 <> 10 |     16 |  1472 |
| 10 <> 11 |     25 |  1971 |
| 11 <> 12 |     24 |  1982 |
| 12 <> 13 |     19 |  1615 |
| 13 <> 14 |     11 |  1768 |
| 14 <> 15 |      6 |   501 |
| 15 <> 16 |      2 |   147 |
| 16 <> 17 |      0 |     0 |
| 17 <> 18 |      2 |   147 |
| 18 <> 19 |      0 |     0 |
| 19 <> 20 |      3 |  1011 |
| 20 <> 21 |      2 |   138 |
| 21 <> 22 |      5 |   345 |
| 22 <> 23 |      0 |     0 |
| 23 <> 24 |      3 |   198 |
| 24 <> 25 |     52 |  5380 |
| 25 <> 26 |      3 |   291 |
| 26 <> 27 |     62 |  5739 |
| 27 <> 28 |     54 |  5878 |
| 28 <> 29 |     14 |  1241 |
| 29 <> 30 |     17 |  1439 |
| 30 <> 31 |      9 |   873 |
| 31 <> 32 |     14 |  1240 |
| 32 <> 33 |     59 |  5875 |
| 33 <> 34 |     18 |  1601 |
| 34 <> 35 |     22 |  1899 |
| 35 <> 36 |     22 |  1898 |
| 36 <> 37 |     18 |  1601 |
| 37 <> 38 |     12 |  1164 |
| 38 <> 39 |     12 |  1164 |
| 39 <> 40 |     22 |  1898 |
| 40 <> 41 |     13 |  1367 |
| 41 <> 42 |     17 |  1531 |
| 42 <> 43 |     22 |  1898 |
| 43 <> 44 |     12 |  1164 |
| 44 <> 45 |     12 |  1164 |
| 45 <> 46 |     12 |  1164 |
| 46 <> 47 |     12 |  1164 |
| 47 <> 48 |     17 |  1531 |
| 48 <> 49 |     12 |  1164 |
| 49 <> 50 |     17 |  1531 |
| 50 <> 51 |     17 |  1531 |
| 51 <> 52 |     27 |  2265 |
| 52 <> 53 |     12 |  1164 |
| 53 <> 54 |     17 |  1531 |
| 54 <> 55 |     22 |  1898 |
| 55 <> 56 |     12 |  1164 |
| 56 <> 57 |     12 |  1164 |
| 57 <> 58 |     17 |  1531 |
| 58 <> 59 |     17 |  1531 |
| 59 <> Dur|     22 |  1898 |
=============================
