Running as user "root" and group "root". This could be dangerous.

=============================
| IO Statistics             |
|                           |
| Duration: 59.550584 secs  |
| Interval:  1 secs         |
|                           |
| Col 1: tcp.port==2404     |
|---------------------------|
|          |1               |
| Interval | Frames | Bytes |
|---------------------------|
|  0 <>  1 |     13 |  1317 |
|  1 <>  2 |     12 |  1164 |
|  2 <>  3 |     17 |  1469 |
|  3 <>  4 |     16 |  1465 |
|  4 <>  5 |     15 |  1393 |
|  5 <>  6 |     12 |  1164 |
|  6 <>  7 |     16 |  1465 |
|  7 <>  8 |     15 |  1399 |
|  8 <>  9 |     23 |  1955 |
|  9 <> 10 |     33 |  2647 |
| 10 <> 11 |     29 |  2355 |
| 11 <> 12 |     25 |  2062 |
| 12 <> 13 |      9 |   816 |
| 13 <> 14 |      2 |   147 |
| 14 <> 15 |      0 |     0 |
| 15 <> 16 |      2 |   147 |
| 16 <> 17 |      6 |   441 |
| 17 <> 18 |      0 |     0 |
| 18 <> 19 |      0 |     0 |
| 19 <> 20 |      2 |   147 |
| 20 <> 21 |      2 |   138 |
| 21 <> 22 |      5 |   336 |
| 22 <> 23 |      3 |   198 |
| 23 <> 24 |      0 |     0 |
| 24 <> 25 |     55 |  5053 |
| 25 <> 26 |     54 |  4894 |
| 26 <> 27 |     11 |   950 |
| 27 <> 28 |     68 |  6228 |
| 28 <> 29 |      9 |   873 |
| 29 <> 30 |     12 |  1103 |
| 30 <> 31 |     64 |  6223 |
| 31 <> 32 |     17 |  1531 |
| 32 <> 33 |     22 |  1899 |
| 33 <> 34 |     12 |  1164 |
| 34 <> 35 |     15 |  1393 |
| 35 <> 36 |     17 |  1531 |
| 36 <> 37 |     17 |  1531 |
| 37 <> 38 |     17 |  1531 |
| 38 <> 39 |     12 |  1164 |
| 39 <> 40 |     12 |  1164 |
| 40 <> 41 |     17 |  1531 |
| 41 <> 42 |     17 |  1531 |
| 42 <> 43 |     15 |  1393 |
| 43 <> 44 |     12 |  1164 |
| 44 <> 45 |     20 |  1760 |
| 45 <> 46 |     22 |  1898 |
| 46 <> 47 |     18 |  1597 |
| 47 <> 48 |     18 |  1597 |
| 48 <> 49 |     12 |  1164 |
| 49 <> 50 |     17 |  1531 |
| 50 <> 51 |     17 |  1531 |
| 51 <> 52 |     17 |  1531 |
| 52 <> 53 |     12 |  1164 |
| 53 <> 54 |     15 |  1393 |
| 54 <> 55 |     12 |  1164 |
| 55 <> 56 |     27 |  2265 |
| 56 <> 57 |     12 |  1164 |
| 57 <> 58 |     12 |  1164 |
| 58 <> 59 |     17 |  1531 |
| 59 <> Dur|     12 |  1164 |
=============================
