Running as user "root" and group "root". This could be dangerous.

=============================
| IO Statistics             |
|                           |
| Duration: 59.635262 secs  |
| Interval:  1 secs         |
|                           |
| Col 1: Frames and bytes   |
|---------------------------|
|          |1               |
| Interval | Frames | Bytes |
|---------------------------|
|  0 <>  1 |     18 |  1597 |
|  1 <>  2 |     12 |  1164 |
|  2 <>  3 |     12 |  1164 |
|  3 <>  4 |     12 |  1164 |
|  4 <>  5 |     20 |  1760 |
|  5 <>  6 |     12 |  1164 |
|  6 <>  7 |     17 |  1531 |
|  7 <>  8 |     18 |  1622 |
|  8 <>  9 |     19 |  1654 |
|  9 <> 10 |     20 |  1763 |
| 10 <> 11 |     14 |  1296 |
| 11 <> 12 |     19 |  1663 |
| 12 <> 13 |     26 |  2148 |
| 13 <> 14 |     11 |  1031 |
| 14 <> 15 |     14 |  1250 |
| 15 <> 16 |     22 |  1805 |
| 16 <> 17 |     20 |  1720 |
| 17 <> 18 |      7 |   686 |
| 18 <> 19 |      6 |   612 |
| 19 <> 20 |     24 |  2698 |
| 20 <> 21 |      7 |   684 |
| 21 <> 22 |      5 |   448 |
| 22 <> 23 |      7 |   564 |
| 23 <> 24 |      9 |  1498 |
| 24 <> 25 |      1 |   203 |
| 25 <> 26 |     52 |  4768 |
| 26 <> 27 |     46 |  4885 |
| 27 <> 28 |     13 |  1097 |
| 28 <> 29 |     12 |  1020 |
| 29 <> 30 |      9 |  1584 |
| 30 <> 31 |      6 |   582 |
| 31 <> 32 |      6 |   582 |
| 32 <> 33 |     16 |  1285 |
| 33 <> 34 |     14 |  1147 |
| 34 <> 35 |     11 |   949 |
| 35 <> 36 |     56 |  5305 |
| 36 <> 37 |     58 |  5344 |
| 37 <> 38 |     22 |  1899 |
| 38 <> 39 |     17 |  1532 |
| 39 <> 40 |     17 |  1531 |
| 40 <> 41 |     12 |  1164 |
| 41 <> 42 |     12 |  1164 |
| 42 <> 43 |     22 |  1898 |
| 43 <> 44 |     17 |  1531 |
| 44 <> 45 |     22 |  1898 |
| 45 <> 46 |     17 |  1531 |
| 46 <> 47 |     17 |  1531 |
| 47 <> 48 |     12 |  1164 |
| 48 <> 49 |     12 |  1164 |
| 49 <> 50 |     17 |  1531 |
| 50 <> 51 |     17 |  1531 |
| 51 <> 52 |     22 |  1898 |
| 52 <> 53 |     12 |  1164 |
| 53 <> 54 |     27 |  2265 |
| 54 <> 55 |     12 |  1164 |
| 55 <> 56 |     17 |  1531 |
| 56 <> 57 |     12 |  1164 |
| 57 <> 58 |     17 |  1531 |
| 58 <> 59 |     17 |  1531 |
| 59 <> Dur|     12 |  1164 |
=============================
