Running as user "root" and group "root". This could be dangerous.

=============================
| IO Statistics             |
|                           |
| Duration: 59.321053 secs  |
| Interval:  1 secs         |
|                           |
| Col 1: Frames and bytes   |
|---------------------------|
|          |1               |
| Interval | Frames | Bytes |
|---------------------------|
|  0 <>  1 |     12 |  1164 |
|  1 <>  2 |     12 |  1164 |
|  2 <>  3 |     17 |  1531 |
|  3 <>  4 |     27 |  2265 |
|  4 <>  5 |     22 |  1898 |
|  5 <>  6 |     12 |  1164 |
|  6 <>  7 |     17 |  1531 |
|  7 <>  8 |     17 |  1531 |
|  8 <>  9 |     29 |  2389 |
|  9 <> 10 |     38 |  3087 |
| 10 <> 11 |     32 |  2510 |
| 11 <> 12 |     28 |  2256 |
| 12 <> 13 |     27 |  2072 |
| 13 <> 14 |     24 |  1884 |
| 14 <> 15 |     20 |  1517 |
| 15 <> 16 |     21 |  1593 |
| 16 <> 17 |      0 |     0 |
| 17 <> 18 |      2 |   147 |
| 18 <> 19 |      2 |   147 |
| 19 <> 20 |      3 |   198 |
| 20 <> 21 |      3 |   198 |
| 21 <> 22 |      0 |     0 |
| 22 <> 23 |     45 |  4207 |
| 23 <> 24 |     45 |  4207 |
| 24 <> 25 |     11 |   950 |
| 25 <> 26 |     10 |   884 |
| 26 <> 27 |      9 |   780 |
| 27 <> 28 |      9 |   780 |
| 28 <> 29 |      6 |   582 |
| 29 <> 30 |     51 |  5087 |
| 30 <> 31 |     68 |  6282 |
| 31 <> 32 |     25 |  2134 |
| 32 <> 33 |     22 |  1899 |
| 33 <> 34 |     12 |  1164 |
| 34 <> 35 |     17 |  1531 |
| 35 <> 36 |     16 |  1465 |
| 36 <> 37 |     16 |  1465 |
| 37 <> 38 |     18 |  1597 |
| 38 <> 39 |     16 |  1465 |
| 39 <> 40 |     18 |  1597 |
| 40 <> 41 |     12 |  1164 |
| 41 <> 42 |     12 |  1164 |
| 42 <> 43 |     17 |  1531 |
| 43 <> 44 |     20 |  1766 |
| 44 <> 45 |     18 |  1597 |
| 45 <> 46 |     12 |  1164 |
| 46 <> 47 |     12 |  1164 |
| 47 <> 48 |     12 |  1164 |
| 48 <> 49 |     12 |  1164 |
| 49 <> 50 |     17 |  1531 |
| 50 <> 51 |     16 |  1465 |
| 51 <> 52 |     16 |  1465 |
| 52 <> 53 |     18 |  1597 |
| 53 <> 54 |     12 |  1164 |
| 54 <> 55 |     17 |  1531 |
| 55 <> 56 |     16 |  1465 |
| 56 <> 57 |     12 |  1164 |
| 57 <> 58 |     12 |  1164 |
| 58 <> 59 |     16 |  1465 |
| 59 <> Dur|     13 |  1230 |
=============================
