Running as user "root" and group "root". This could be dangerous.

=============================
| IO Statistics             |
|                           |
| Duration: 59.  4755 secs  |
| Interval:  1 secs         |
|                           |
| Col 1: Frames and bytes   |
|---------------------------|
|          |1               |
| Interval | Frames | Bytes |
|---------------------------|
|  0 <>  1 |      8 |   658 |
|  1 <>  2 |      3 |   291 |
|  2 <>  3 |      3 |   291 |
|  3 <>  4 |      4 |   361 |
|  4 <>  5 |      1 |   153 |
|  5 <>  6 |      5 |   429 |
|  6 <>  7 |      5 |   431 |
|  7 <>  8 |      3 |   291 |
|  8 <>  9 |      6 |   657 |
|  9 <> 10 |      3 |   422 |
| 10 <> 11 |      7 |   561 |
| 11 <> 12 |      0 |     0 |
| 12 <> 13 |      9 |   817 |
| 13 <> 14 |      2 |   219 |
| 14 <> 15 |      3 |   291 |
| 15 <> 16 |     12 |   919 |
| 16 <> 17 |      2 |   219 |
| 17 <> 18 |      5 |   420 |
| 18 <> 19 |      0 |     0 |
| 19 <> 20 |      0 |     0 |
| 20 <> 21 |      0 |     0 |
| 21 <> 22 |      0 |     0 |
| 22 <> 23 |      2 |   147 |
| 23 <> 24 |      0 |     0 |
| 24 <> 25 |      0 |     0 |
| 25 <> 26 |      0 |     0 |
| 26 <> 27 |      0 |     0 |
| 27 <> 28 |      2 |   138 |
| 28 <> 29 |      0 |     0 |
| 29 <> 30 |      0 |     0 |
| 30 <> 31 |      0 |     0 |
| 31 <> 32 |      3 |   198 |
| 32 <> 33 |      1 |    70 |
| 33 <> 34 |      0 |     0 |
| 34 <> 35 |     51 |  4969 |
| 35 <> 36 |      3 |   291 |
| 36 <> 37 |      8 |   659 |
| 37 <> 38 |      6 |   493 |
| 38 <> 39 |      5 |   429 |
| 39 <> 40 |      2 |   223 |
| 40 <> 41 |      4 |   494 |
| 41 <> 42 |      9 |   861 |
| 42 <> 43 |      5 |   423 |
| 43 <> 44 |      3 |   291 |
| 44 <> 45 |     10 |   796 |
| 45 <> 46 |      1 |   153 |
| 46 <> 47 |      8 |   658 |
| 47 <> 48 |      5 |   429 |
| 48 <> 49 |      6 |   520 |
| 49 <> 50 |     10 |   796 |
| 50 <> 51 |      3 |   291 |
| 51 <> 52 |      1 |   153 |
| 52 <> 53 |     10 |   796 |
| 53 <> 54 |      1 |   153 |
| 54 <> 55 |      8 |   658 |
| 55 <> 56 |      5 |   429 |
| 56 <> 57 |      3 |   291 |
| 57 <> 58 |      6 |   520 |
| 58 <> 59 |      3 |   291 |
| 59 <> Dur|      2 |   138 |
=============================
