Running as user "root" and group "root". This could be dangerous.

=============================
| IO Statistics             |
|                           |
| Duration: 59.655783 secs  |
| Interval:  1 secs         |
|                           |
| Col 1: Frames and bytes   |
|---------------------------|
|          |1               |
| Interval | Frames | Bytes |
|---------------------------|
|  0 <>  1 |     16 |  1450 |
|  1 <>  2 |     17 |  2329 |
|  2 <>  3 |     12 |  1164 |
|  3 <>  4 |     12 |  1164 |
|  4 <>  5 |     14 |  1327 |
|  5 <>  6 |     16 |  1465 |
|  6 <>  7 |     18 |  1601 |
|  7 <>  8 |     12 |  1164 |
|  8 <>  9 |     22 |  2018 |
|  9 <> 10 |     20 |  1823 |
| 10 <> 11 |     20 |  1648 |
| 11 <> 12 |     20 |  1565 |
| 12 <> 13 |     20 |  1788 |
| 13 <> 14 |     16 |  1378 |
| 14 <> 15 |     15 |  1354 |
| 15 <> 16 |     15 |  1232 |
| 16 <> 17 |      9 |   847 |
| 17 <> 18 |      7 |   568 |
| 18 <> 19 |      0 |     0 |
| 19 <> 20 |      2 |   147 |
| 20 <> 21 |      0 |     0 |
| 21 <> 22 |      6 |   417 |
| 22 <> 23 |      5 |   345 |
| 23 <> 24 |      0 |     0 |
| 24 <> 25 |     54 |  4900 |
| 25 <> 26 |     51 |  4510 |
| 26 <> 27 |     11 |   950 |
| 27 <> 28 |     13 |  1088 |
| 28 <> 29 |     45 |  4300 |
| 29 <> 30 |      9 |   873 |
| 30 <> 31 |     14 |  1241 |
| 31 <> 32 |     17 |  1438 |
| 32 <> 33 |     14 |  1240 |
| 33 <> 34 |      9 |   873 |
| 34 <> 35 |     66 |  6281 |
| 35 <> 36 |     21 |  1826 |
| 36 <> 37 |     17 |  1532 |
| 37 <> 38 |     14 |  1296 |
| 38 <> 39 |     15 |  1372 |
| 39 <> 40 |     15 |  1393 |
| 40 <> 41 |     19 |  1806 |
| 41 <> 42 |     16 |  1459 |
| 42 <> 43 |     15 |  1368 |
| 43 <> 44 |     12 |  1164 |
| 44 <> 45 |     29 |  2401 |
| 45 <> 46 |     15 |  1393 |
| 46 <> 47 |     17 |  1531 |
| 47 <> 48 |     19 |  1669 |
| 48 <> 49 |     15 |  1393 |
| 49 <> 50 |     19 |  1669 |
| 50 <> 51 |     12 |  1164 |
| 51 <> 52 |     15 |  1393 |
| 52 <> 53 |     19 |  1669 |
| 53 <> 54 |     10 |  1026 |
| 54 <> 55 |     22 |  1898 |
| 55 <> 56 |     29 |  2403 |
| 56 <> 57 |     17 |  1531 |
| 57 <> 58 |     20 |  1760 |
| 58 <> 59 |     17 |  1531 |
| 59 <> Dur|     11 |  1011 |
=============================
