Running as user "root" and group "root". This could be dangerous.

=============================
| IO Statistics             |
|                           |
| Duration: 59.646054 secs  |
| Interval:  1 secs         |
|                           |
| Col 1: tcp.port==2404     |
|---------------------------|
|          |1               |
| Interval | Frames | Bytes |
|---------------------------|
|  0 <>  1 |     17 |  1525 |
|  1 <>  2 |     12 |  1164 |
|  2 <>  3 |     16 |  1465 |
|  3 <>  4 |     12 |  1164 |
|  4 <>  5 |     16 |  1465 |
|  5 <>  6 |     20 |  1760 |
|  6 <>  7 |     12 |  1164 |
|  7 <>  8 |     16 |  1465 |
|  8 <>  9 |     23 |  1955 |
|  9 <> 10 |     30 |  2464 |
| 10 <> 11 |     23 |  1965 |
| 11 <> 12 |     15 |  1410 |
| 12 <> 13 |     18 |  1622 |
| 13 <> 14 |     17 |  1541 |
| 14 <> 15 |     22 |  1878 |
| 15 <> 16 |     16 |  1467 |
| 16 <> 17 |     14 |  1250 |
| 17 <> 18 |      8 |   801 |
| 18 <> 19 |     16 |  1397 |
| 19 <> 20 |     20 |  1636 |
| 20 <> 21 |     17 |  1468 |
| 21 <> 22 |      6 |   592 |
| 22 <> 23 |     43 |  3750 |
| 23 <> 24 |     11 |  1030 |
| 24 <> 25 |     14 |  1250 |
| 25 <> 26 |     18 |  1495 |
| 26 <> 27 |     11 |  1045 |
| 27 <> 28 |      8 |   739 |
| 28 <> 29 |      5 |   510 |
| 29 <> 30 |     13 |  1091 |
| 30 <> 31 |      7 |   657 |
| 31 <> 32 |      8 |   696 |
| 32 <> 33 |     50 |  4537 |
| 33 <> 34 |      6 |   582 |
| 34 <> 35 |     39 |  3564 |
| 35 <> 36 |      9 |   873 |
| 36 <> 37 |     18 |  1542 |
| 37 <> 38 |     12 |  1071 |
| 38 <> 39 |     13 |  1174 |
| 39 <> 40 |     15 |  1337 |
| 40 <> 41 |     44 |  4048 |
| 41 <> 42 |     17 |  1531 |
| 42 <> 43 |     17 |  1532 |
| 43 <> 44 |     12 |  1164 |
| 44 <> 45 |     16 |  1465 |
| 45 <> 46 |     12 |  1164 |
| 46 <> 47 |     12 |  1164 |
| 47 <> 48 |     22 |  1898 |
| 48 <> 49 |     20 |  1760 |
| 49 <> 50 |     12 |  1164 |
| 50 <> 51 |     12 |  1164 |
| 51 <> 52 |     21 |  1832 |
| 52 <> 53 |     17 |  1531 |
| 53 <> 54 |     12 |  1164 |
| 54 <> 55 |     17 |  1531 |
| 55 <> 56 |     15 |  1393 |
| 56 <> 57 |     12 |  1164 |
| 57 <> 58 |     17 |  1531 |
| 58 <> 59 |     21 |  1832 |
| 59 <> Dur|     12 |  1164 |
=============================
