Running as user "root" and group "root". This could be dangerous.

=============================
| IO Statistics             |
|                           |
| Duration: 59.679691 secs  |
| Interval:  1 secs         |
|                           |
| Col 1: Frames and bytes   |
|---------------------------|
|          |1               |
| Interval | Frames | Bytes |
|---------------------------|
|  0 <>  1 |     12 |  1164 |
|  1 <>  2 |     13 |  1245 |
|  2 <>  3 |     20 |  1751 |
|  3 <>  4 |     14 |  2118 |
|  4 <>  5 |     14 |  2118 |
|  5 <>  6 |     19 |  1694 |
|  6 <>  7 |     21 |  1832 |
|  7 <>  8 |     21 |  1832 |
|  8 <>  9 |     28 |  2322 |
|  9 <> 10 |     27 |  3076 |
| 10 <> 11 |     23 |  2026 |
| 11 <> 12 |     21 |  1906 |
| 12 <> 13 |     23 |  2699 |
| 13 <> 14 |     18 |  1770 |
| 14 <> 15 |     18 |  1486 |
| 15 <> 16 |      7 |   787 |
| 16 <> 17 |      3 |   305 |
| 17 <> 18 |      0 |     0 |
| 18 <> 19 |      0 |     0 |
| 19 <> 20 |      5 |   345 |
| 20 <> 21 |      0 |     0 |
| 21 <> 22 |      8 |   564 |
| 22 <> 23 |     44 |  3955 |
| 23 <> 24 |      5 |   429 |
| 24 <> 25 |     57 |  5037 |
| 25 <> 26 |      6 |   582 |
| 26 <> 27 |     11 |   950 |
| 27 <> 28 |      6 |   582 |
| 28 <> 29 |      6 |   582 |
| 29 <> 30 |     11 |   949 |
| 30 <> 31 |     12 |   978 |
| 31 <> 32 |     16 |  1316 |
| 32 <> 33 |      6 |   582 |
| 33 <> 34 |    113 | 10955 |
| 34 <> 35 |     12 |  1164 |
| 35 <> 36 |     22 |  1900 |
| 36 <> 37 |     12 |  1164 |
| 37 <> 38 |     12 |  1164 |
| 38 <> 39 |     12 |  1164 |
| 39 <> 40 |     22 |  1898 |
| 40 <> 41 |     22 |  1898 |
| 41 <> 42 |     32 |  2632 |
| 42 <> 43 |     12 |  1164 |
| 43 <> 44 |     12 |  1164 |
| 44 <> 45 |     13 |  1234 |
| 45 <> 46 |     13 |  1367 |
| 46 <> 47 |     12 |  1164 |
| 47 <> 48 |     12 |  1164 |
| 48 <> 49 |     22 |  1898 |
| 49 <> 50 |     12 |  1164 |
| 50 <> 51 |     22 |  1898 |
| 51 <> 52 |     12 |  1164 |
| 52 <> 53 |     13 |  1234 |
| 53 <> 54 |     12 |  1164 |
| 54 <> 55 |     22 |  1898 |
| 55 <> 56 |     12 |  1164 |
| 56 <> 57 |     12 |  1164 |
| 57 <> 58 |     32 |  2632 |
| 58 <> 59 |     12 |  1164 |
| 59 <> Dur|     32 |  2632 |
=============================
