Running as user "root" and group "root". This could be dangerous.

=============================
| IO Statistics             |
|                           |
| Duration: 59.580646 secs  |
| Interval:  1 secs         |
|                           |
| Col 1: Frames and bytes   |
|---------------------------|
|          |1               |
| Interval | Frames | Bytes |
|---------------------------|
|  0 <>  1 |     17 |  1612 |
|  1 <>  2 |     15 |  1312 |
|  2 <>  3 |     13 |  1317 |
|  3 <>  4 |     15 |  1306 |
|  4 <>  5 |     20 |  1783 |
|  5 <>  6 |     14 |  1311 |
|  6 <>  7 |     19 |  1679 |
|  7 <>  8 |     17 |  2338 |
|  8 <>  9 |     28 |  2338 |
|  9 <> 10 |     26 |  2178 |
| 10 <> 11 |     25 |  2848 |
| 11 <> 12 |     16 |  2213 |
| 12 <> 13 |     20 |  1679 |
| 13 <> 14 |     14 |  1265 |
| 14 <> 15 |     11 |   944 |
| 15 <> 16 |     13 |  2040 |
| 16 <> 17 |      6 |   514 |
| 17 <> 18 |      7 |   583 |
| 18 <> 19 |      0 |     0 |
| 19 <> 20 |      1 |    81 |
| 20 <> 21 |      3 |   213 |
| 21 <> 22 |      0 |     0 |
| 22 <> 23 |      4 |   276 |
| 23 <> 24 |      0 |     0 |
| 24 <> 25 |     11 |   741 |
| 25 <> 26 |      2 |   147 |
| 26 <> 27 |      2 |   138 |
| 27 <> 28 |    149 | 14016 |
| 28 <> 29 |      9 |   873 |
| 29 <> 30 |     26 |  2109 |
| 30 <> 31 |      9 |   873 |
| 31 <> 32 |      9 |   873 |
| 32 <> 33 |     57 |  5464 |
| 33 <> 34 |     13 |  1230 |
| 34 <> 35 |     31 |  2567 |
| 35 <> 36 |     16 |  1465 |
| 36 <> 37 |     10 |  1026 |
| 37 <> 38 |     14 |  1302 |
| 38 <> 39 |     12 |  1164 |
| 39 <> 40 |     21 |  1832 |
| 40 <> 41 |     11 |  1096 |
| 41 <> 42 |     24 |  2036 |
| 42 <> 43 |     20 |  1766 |
| 43 <> 44 |     13 |  1230 |
| 44 <> 45 |     22 |  1898 |
| 45 <> 46 |     12 |  1164 |
| 46 <> 47 |     13 |  1234 |
| 47 <> 48 |     13 |  1367 |
| 48 <> 49 |     21 |  1832 |
| 49 <> 50 |     21 |  1832 |
| 50 <> 51 |     20 |  1766 |
| 51 <> 52 |     30 |  2500 |
| 52 <> 53 |     12 |  1164 |
| 53 <> 54 |     21 |  1832 |
| 54 <> 55 |     12 |  1164 |
| 55 <> 56 |     12 |  1164 |
| 56 <> 57 |     12 |  1164 |
| 57 <> 58 |     22 |  1898 |
| 58 <> 59 |     12 |  1164 |
| 59 <> Dur|      7 |   735 |
=============================
