Running as user "root" and group "root". This could be dangerous.

=============================
| IO Statistics             |
|                           |
| Duration: 59.749065 secs  |
| Interval:  1 secs         |
|                           |
| Col 1: Frames and bytes   |
|---------------------------|
|          |1               |
| Interval | Frames | Bytes |
|---------------------------|
|  0 <>  1 |     18 |  1684 |
|  1 <>  2 |     12 |  1164 |
|  2 <>  3 |     11 |  1011 |
|  3 <>  4 |     12 |  1164 |
|  4 <>  5 |     12 |  1164 |
|  5 <>  6 |     20 |  1766 |
|  6 <>  7 |     21 |  1850 |
|  7 <>  8 |     21 |  1856 |
|  8 <>  9 |     21 |  2624 |
|  9 <> 10 |     24 |  2022 |
| 10 <> 11 |     12 |  1164 |
| 11 <> 12 |     18 |  2395 |
| 12 <> 13 |     22 |  1899 |
| 13 <> 14 |     12 |  1164 |
| 14 <> 15 |     18 |  2395 |
| 15 <> 16 |     20 |  1789 |
| 16 <> 17 |     14 |  1333 |
| 17 <> 18 |     19 |  1700 |
| 18 <> 19 |     18 |  2417 |
| 19 <> 20 |     16 |  1471 |
| 20 <> 21 |     16 |  1471 |
| 21 <> 22 |     11 |  1104 |
| 22 <> 23 |     15 |  1384 |
| 23 <> 24 |     14 |  1333 |
| 24 <> 25 |     18 |  1582 |
| 25 <> 26 |     31 |  2551 |
| 26 <> 27 |     17 |  1541 |
| 27 <> 28 |     16 |  1460 |
| 28 <> 29 |     19 |  1688 |
| 29 <> 30 |     18 |  1606 |
| 30 <> 31 |     12 |  1162 |
| 31 <> 32 |     13 |  1377 |
| 32 <> 33 |     16 |  1459 |
| 33 <> 34 |     11 |  1092 |
| 34 <> 35 |     11 |  1092 |
| 35 <> 36 |     11 |  1092 |
| 36 <> 37 |     19 |  4051 |
| 37 <> 38 |     22 |  2690 |
| 38 <> 39 |     23 |  1877 |
| 39 <> 40 |     15 |  1322 |
| 40 <> 41 |     20 |  1675 |
| 41 <> 42 |     32 |  2801 |
| 42 <> 43 |     12 |  1174 |
| 43 <> 44 |     20 |  4134 |
| 44 <> 45 |     12 |  1956 |
| 45 <> 46 |     11 |  1092 |
| 46 <> 47 |     11 |  1092 |
| 47 <> 48 |     19 |  1688 |
| 48 <> 49 |     21 |  1826 |
| 49 <> 50 |     11 |  1092 |
| 50 <> 51 |     11 |  1092 |
| 51 <> 52 |     11 |  1092 |
| 52 <> 53 |     12 |  1174 |
| 53 <> 54 |      9 |   873 |
| 54 <> 55 |     13 |  1153 |
| 55 <> 56 |     26 |  2097 |
| 56 <> 57 |     20 |  1684 |
| 57 <> 58 |     36 |  3189 |
| 58 <> 59 |     11 |  1092 |
| 59 <> Dur|     17 |  1542 |
=============================
