Running as user "root" and group "root". This could be dangerous.

=============================
| IO Statistics             |
|                           |
| Duration: 59.214888 secs  |
| Interval:  1 secs         |
|                           |
| Col 1: Frames and bytes   |
|---------------------------|
|          |1               |
| Interval | Frames | Bytes |
|---------------------------|
|  0 <>  1 |      6 |  1378 |
|  1 <>  2 |      3 |   291 |
|  2 <>  3 |      2 |   138 |
|  3 <>  4 |      3 |   291 |
|  4 <>  5 |      9 |   772 |
|  5 <>  6 |      3 |   291 |
|  6 <>  7 |      8 |  1456 |
|  7 <>  8 |      3 |   291 |
|  8 <>  9 |     10 |   781 |
|  9 <> 10 |      9 |  1523 |
| 10 <> 11 |      3 |   291 |
| 11 <> 12 |      4 |  1155 |
| 12 <> 13 |      8 |   659 |
| 13 <> 14 |      3 |   291 |
| 14 <> 15 |      4 |  1155 |
| 15 <> 16 |      5 |   450 |
| 16 <> 17 |      4 |   378 |
| 17 <> 18 |      2 |   231 |
| 18 <> 19 |      2 |   231 |
| 19 <> 20 |      2 |   231 |
| 20 <> 21 |      2 |   231 |
| 21 <> 22 |      2 |   231 |
| 22 <> 23 |      5 |   429 |
| 23 <> 24 |      2 |   231 |
| 24 <> 25 |      2 |   219 |
| 25 <> 26 |     11 |   847 |
| 26 <> 27 |      3 |   291 |
| 27 <> 28 |      9 |   729 |
| 28 <> 29 |      3 |   291 |
| 29 <> 30 |      3 |   291 |
| 30 <> 31 |      5 |   697 |
| 31 <> 32 |      3 |   291 |
| 32 <> 33 |      9 |   728 |
| 33 <> 34 |      3 |   291 |
| 34 <> 35 |      3 |   291 |
| 35 <> 36 |      6 |  2883 |
| 36 <> 37 |      7 |  3747 |
| 37 <> 38 |      9 |  1522 |
| 38 <> 39 |      8 |   658 |
| 39 <> 40 |      3 |   291 |
| 40 <> 41 |      4 |   361 |
| 41 <> 42 |      3 |   291 |
| 42 <> 43 |      7 |  3747 |
| 43 <> 44 |      7 |  3747 |
| 44 <> 45 |      3 |   291 |
| 45 <> 46 |      3 |   291 |
| 46 <> 47 |      3 |   291 |
| 47 <> 48 |      8 |   658 |
| 48 <> 49 |      3 |   291 |
| 49 <> 50 |      3 |   291 |
| 50 <> 51 |      3 |   291 |
| 51 <> 52 |      3 |   291 |
| 52 <> 53 |      3 |   291 |
| 53 <> 54 |      3 |   291 |
| 54 <> 55 |      3 |   291 |
| 55 <> 56 |      8 |   658 |
| 56 <> 57 |      3 |   291 |
| 57 <> 58 |      3 |   291 |
| 58 <> 59 |      3 |   291 |
| 59 <> Dur|      3 |   291 |
=============================
