Running as user "root" and group "root". This could be dangerous.

=============================
| IO Statistics             |
|                           |
| Duration: 59.214118 secs  |
| Interval:  1 secs         |
|                           |
| Col 1: Frames and bytes   |
|---------------------------|
|          |1               |
| Interval | Frames | Bytes |
|---------------------------|
|  0 <>  1 |      4 |   444 |
|  1 <>  2 |      3 |   291 |
|  2 <>  3 |      2 |   138 |
|  3 <>  4 |      3 |   291 |
|  4 <>  5 |      7 |   592 |
|  5 <>  6 |      3 |   291 |
|  6 <>  7 |      7 |   592 |
|  7 <>  8 |      3 |   291 |
|  8 <>  9 |      3 |   291 |
|  9 <> 10 |      3 |   291 |
| 10 <> 11 |      7 |   592 |
| 11 <> 12 |      6 |  1311 |
| 12 <> 13 |      4 |   381 |
| 13 <> 14 |      6 |   520 |
| 14 <> 15 |      6 |  1293 |
| 15 <> 16 |      3 |   291 |
| 16 <> 17 |      3 |   291 |
| 17 <> 18 |      3 |   291 |
| 18 <> 19 |      8 |  1456 |
| 19 <> 20 |      4 |   357 |
| 20 <> 21 |      4 |  1155 |
| 21 <> 22 |      3 |   291 |
| 22 <> 23 |      3 |   291 |
| 23 <> 24 |      3 |   291 |
| 24 <> 25 |      8 |   662 |
| 25 <> 26 |      5 |   427 |
| 26 <> 27 |      3 |   291 |
| 27 <> 28 |      6 |   520 |
| 28 <> 29 |      5 |   429 |
| 29 <> 30 |      3 |   291 |
| 30 <> 31 |      5 |   697 |
| 31 <> 32 |      3 |   291 |
| 32 <> 33 |      3 |   291 |
| 33 <> 34 |      3 |   291 |
| 34 <> 35 |      3 |   291 |
| 35 <> 36 |     12 |  4912 |
| 36 <> 37 |      7 |  2949 |
| 37 <> 38 |      6 |   520 |
| 38 <> 39 |      5 |   429 |
| 39 <> 40 |     10 |   781 |
| 40 <> 41 |      8 |   685 |
| 41 <> 42 |      3 |   301 |
| 42 <> 43 |      7 |  4539 |
| 43 <> 44 |      6 |  2893 |
| 44 <> 45 |      2 |   219 |
| 45 <> 46 |      2 |   219 |
| 46 <> 47 |      5 |   448 |
| 47 <> 48 |      2 |   219 |
| 48 <> 49 |      2 |   219 |
| 49 <> 50 |      2 |   219 |
| 50 <> 51 |      2 |   219 |
| 51 <> 52 |      2 |   219 |
| 52 <> 53 |      2 |   219 |
| 53 <> 54 |      1 |    82 |
| 54 <> 55 |      3 |   198 |
| 55 <> 56 |      0 |     0 |
| 56 <> 57 |      2 |   132 |
| 57 <> 58 |     24 |  2077 |
| 58 <> 59 |      3 |   291 |
| 59 <> Dur|      8 |   659 |
=============================
