Running as user "root" and group "root". This could be dangerous.

=============================
| IO Statistics             |
|                           |
| Duration: 59.582434 secs  |
| Interval:  1 secs         |
|                           |
| Col 1: tcp.port==2404     |
|---------------------------|
|          |1               |
| Interval | Frames | Bytes |
|---------------------------|
|  0 <>  1 |     19 |  1638 |
|  1 <>  2 |     12 |  1164 |
|  2 <>  3 |     21 |  1832 |
|  3 <>  4 |     15 |  1393 |
|  4 <>  5 |     15 |  1393 |
|  5 <>  6 |     16 |  1465 |
|  6 <>  7 |     16 |  1465 |
|  7 <>  8 |     12 |  1164 |
|  8 <>  9 |     22 |  1867 |
|  9 <> 10 |     28 |  2371 |
| 10 <> 11 |     26 |  2179 |
| 11 <> 12 |     16 |  1459 |
| 12 <> 13 |     20 |  1713 |
| 13 <> 14 |     15 |  1383 |
| 14 <> 15 |     19 |  1528 |
| 15 <> 16 |      8 |   726 |
| 16 <> 17 |      2 |   207 |
| 17 <> 18 |      2 |   147 |
| 18 <> 19 |      6 |   432 |
| 19 <> 20 |      0 |     0 |
| 20 <> 21 |      0 |     0 |
| 21 <> 22 |      0 |     0 |
| 22 <> 23 |      3 |   198 |
| 23 <> 24 |      0 |     0 |
| 24 <> 25 |      5 |   336 |
| 25 <> 26 |     53 |  4741 |
| 26 <> 27 |      3 |   291 |
| 27 <> 28 |     58 |  5631 |
| 28 <> 29 |    105 |  9590 |
| 29 <> 30 |     27 |  2228 |
| 30 <> 31 |     21 |  1834 |
| 31 <> 32 |     12 |  1164 |
| 32 <> 33 |     16 |  1465 |
| 33 <> 34 |     12 |  1164 |
| 34 <> 35 |     16 |  1465 |
| 35 <> 36 |     19 |  1700 |
| 36 <> 37 |     13 |  1230 |
| 37 <> 38 |     12 |  1164 |
| 38 <> 39 |     19 |  1700 |
| 39 <> 40 |     13 |  1230 |
| 40 <> 41 |     20 |  1766 |
| 41 <> 42 |     20 |  1766 |
| 42 <> 43 |     16 |  1465 |
| 43 <> 44 |     19 |  1700 |
| 44 <> 45 |     16 |  1465 |
| 45 <> 46 |     16 |  1465 |
| 46 <> 47 |     16 |  1465 |
| 47 <> 48 |     12 |  1164 |
| 48 <> 49 |     12 |  1164 |
| 49 <> 50 |     19 |  1700 |
| 50 <> 51 |     17 |  1531 |
| 51 <> 52 |     12 |  1164 |
| 52 <> 53 |     12 |  1164 |
| 53 <> 54 |     20 |  1766 |
| 54 <> 55 |     12 |  1164 |
| 55 <> 56 |     12 |  1164 |
| 56 <> 57 |     19 |  1700 |
| 57 <> 58 |     13 |  1230 |
| 58 <> 59 |     15 |  1399 |
| 59 <> Dur|     15 |  1250 |
=============================
