Running as user "root" and group "root". This could be dangerous.

=============================
| IO Statistics             |
|                           |
| Duration: 59.446737 secs  |
| Interval:  1 secs         |
|                           |
| Col 1: Frames and bytes   |
|---------------------------|
|          |1               |
| Interval | Frames | Bytes |
|---------------------------|
|  0 <>  1 |     12 |  1164 |
|  1 <>  2 |     12 |  1164 |
|  2 <>  3 |     12 |  1164 |
|  3 <>  4 |     12 |  1164 |
|  4 <>  5 |     22 |  1898 |
|  5 <>  6 |     17 |  1531 |
|  6 <>  7 |     17 |  1531 |
|  7 <>  8 |     12 |  1164 |
|  8 <>  9 |     25 |  2087 |
|  9 <> 10 |     37 |  3003 |
| 10 <> 11 |     33 |  2591 |
| 11 <> 12 |     29 |  2345 |
| 12 <> 13 |     28 |  2231 |
| 13 <> 14 |     22 |  1752 |
| 14 <> 15 |     25 |  1847 |
| 15 <> 16 |     21 |  1593 |
| 16 <> 17 |      0 |     0 |
| 17 <> 18 |      2 |   147 |
| 18 <> 19 |      2 |   147 |
| 19 <> 20 |      5 |   345 |
| 20 <> 21 |      2 |   138 |
| 21 <> 22 |      0 |     0 |
| 22 <> 23 |     46 |  4372 |
| 23 <> 24 |      3 |   291 |
| 24 <> 25 |      8 |   659 |
| 25 <> 26 |      3 |   291 |
| 26 <> 27 |      6 |   489 |
| 27 <> 28 |      9 |   687 |
| 28 <> 29 |      5 |  2019 |
| 29 <> 30 |     55 |  6872 |
| 30 <> 31 |     89 |  9020 |
| 31 <> 32 |     36 |  2951 |
| 32 <> 33 |     21 |  1834 |
| 33 <> 34 |     13 |  1230 |
| 34 <> 35 |     12 |  1164 |
| 35 <> 36 |     12 |  1164 |
| 36 <> 37 |     17 |  1531 |
| 37 <> 38 |     26 |  2199 |
| 38 <> 39 |     13 |  1230 |
| 39 <> 40 |     12 |  1164 |
| 40 <> 41 |     12 |  1164 |
| 41 <> 42 |     12 |  1164 |
| 42 <> 43 |     12 |  1164 |
| 43 <> 44 |     21 |  1832 |
| 44 <> 45 |     18 |  1597 |
| 45 <> 46 |     17 |  1531 |
| 46 <> 47 |     12 |  1164 |
| 47 <> 48 |     12 |  1164 |
| 48 <> 49 |     12 |  1164 |
| 49 <> 50 |     26 |  2199 |
| 50 <> 51 |     32 |  2632 |
| 51 <> 52 |     18 |  1597 |
| 52 <> 53 |     21 |  1832 |
| 53 <> 54 |     13 |  1230 |
| 54 <> 55 |     21 |  1832 |
| 55 <> 56 |     13 |  1230 |
| 56 <> 57 |     12 |  1164 |
| 57 <> 58 |     17 |  1531 |
| 58 <> 59 |     17 |  1531 |
| 59 <> Dur|      8 |   658 |
=============================
