Running as user "root" and group "root". This could be dangerous.

=============================
| IO Statistics             |
|                           |
| Duration: 59.126960 secs  |
| Interval:  1 secs         |
|                           |
| Col 1: Frames and bytes   |
|---------------------------|
|          |1               |
| Interval | Frames | Bytes |
|---------------------------|
|  0 <>  1 |      9 |   835 |
|  1 <>  2 |      3 |   291 |
|  2 <>  3 |      8 |  1456 |
|  3 <>  4 |      7 |  2199 |
|  4 <>  5 |      2 |   138 |
|  5 <>  6 |      3 |   291 |
|  6 <>  7 |     16 |  1219 |
|  7 <>  8 |      9 |   741 |
|  8 <>  9 |      7 |   631 |
|  9 <> 10 |      7 |  2188 |
| 10 <> 11 |      2 |   219 |
| 11 <> 12 |      2 |   147 |
| 12 <> 13 |      2 |  1728 |
| 13 <> 14 |      2 |   406 |
| 14 <> 15 |      0 |     0 |
| 15 <> 16 |      0 |     0 |
| 16 <> 17 |      0 |     0 |
| 17 <> 18 |      1 |   864 |
| 18 <> 19 |      0 |     0 |
| 19 <> 20 |      1 |    72 |
| 20 <> 21 |      5 |   334 |
| 21 <> 22 |      0 |     0 |
| 22 <> 23 |      0 |     0 |
| 23 <> 24 |      4 |   286 |
| 24 <> 25 |     50 |  4608 |
| 25 <> 26 |      6 |   521 |
| 26 <> 27 |      5 |   429 |
| 27 <> 28 |      3 |   291 |
| 28 <> 29 |      3 |   291 |
| 29 <> 30 |      3 |   291 |
| 30 <> 31 |      6 |   520 |
| 31 <> 32 |      8 |   658 |
| 32 <> 33 |      5 |   429 |
| 33 <> 34 |      3 |   291 |
| 34 <> 35 |      3 |   291 |
| 35 <> 36 |      6 |   520 |
| 36 <> 37 |      5 |   429 |
| 37 <> 38 |      3 |   291 |
| 38 <> 39 |      3 |   291 |
| 39 <> 40 |      6 |   520 |
| 40 <> 41 |      5 |   429 |
| 41 <> 42 |      3 |   291 |
| 42 <> 43 |      3 |   291 |
| 43 <> 44 |      6 |   520 |
| 44 <> 45 |      5 |   429 |
| 45 <> 46 |      3 |   291 |
| 46 <> 47 |      3 |   291 |
| 47 <> 48 |      3 |   291 |
| 48 <> 49 |      3 |   291 |
| 49 <> 50 |      6 |   520 |
| 50 <> 51 |      5 |   429 |
| 51 <> 52 |      3 |   291 |
| 52 <> 53 |      6 |   520 |
| 53 <> 54 |      5 |   429 |
| 54 <> 55 |      3 |   291 |
| 55 <> 56 |      3 |   291 |
| 56 <> 57 |      3 |   291 |
| 57 <> 58 |      3 |   291 |
| 58 <> 59 |      3 |   291 |
| 59 <> Dur|      3 |   291 |
=============================
