Running as user "root" and group "root". This could be dangerous.

=============================
| IO Statistics             |
|                           |
| Duration: 59.646518 secs  |
| Interval:  1 secs         |
|                           |
| Col 1: Frames and bytes   |
|---------------------------|
|          |1               |
| Interval | Frames | Bytes |
|---------------------------|
|  0 <>  1 |     15 |  1362 |
|  1 <>  2 |     16 |  1465 |
|  2 <>  3 |     16 |  1465 |
|  3 <>  4 |     16 |  1465 |
|  4 <>  5 |     16 |  1465 |
|  5 <>  6 |     16 |  1465 |
|  6 <>  7 |     22 |  1883 |
|  7 <>  8 |     24 |  2036 |
|  8 <>  9 |     17 |  1570 |
|  9 <> 10 |     19 |  1676 |
| 10 <> 11 |     18 |  1633 |
| 11 <> 12 |     11 |  1030 |
| 12 <> 13 |     22 |  1821 |
| 13 <> 14 |     19 |  1764 |
| 14 <> 15 |      6 |   604 |
| 15 <> 16 |      6 |   604 |
| 16 <> 17 |     16 |  1312 |
| 17 <> 18 |      6 |   518 |
| 18 <> 19 |      5 |   448 |
| 19 <> 20 |      3 |   301 |
| 20 <> 21 |      4 |   345 |
| 21 <> 22 |      5 |   336 |
| 22 <> 23 |      3 |   198 |
| 23 <> 24 |      0 |     0 |
| 24 <> 25 |     57 |  5092 |
| 25 <> 26 |     54 |  4816 |
| 26 <> 27 |     11 |   950 |
| 27 <> 28 |     50 |  4575 |
| 28 <> 29 |     11 |  1011 |
| 29 <> 30 |     14 |  1241 |
| 30 <> 31 |     10 |   939 |
| 31 <> 32 |     15 |  1306 |
| 32 <> 33 |     22 |  1805 |
| 33 <> 34 |     14 |  1240 |
| 34 <> 35 |     15 |  1306 |
| 35 <> 36 |     61 |  5728 |
| 36 <> 37 |     17 |  1531 |
| 37 <> 38 |     22 |  1899 |
| 38 <> 39 |     12 |  1164 |
| 39 <> 40 |     12 |  1164 |
| 40 <> 41 |     17 |  1531 |
| 41 <> 42 |     23 |  1964 |
| 42 <> 43 |     18 |  1597 |
| 43 <> 44 |     12 |  1164 |
| 44 <> 45 |     17 |  1531 |
| 45 <> 46 |     17 |  1531 |
| 46 <> 47 |     17 |  1531 |
| 47 <> 48 |     17 |  1531 |
| 48 <> 49 |     17 |  1531 |
| 49 <> 50 |     17 |  1531 |
| 50 <> 51 |     17 |  1531 |
| 51 <> 52 |     17 |  1531 |
| 52 <> 53 |     12 |  1164 |
| 53 <> 54 |     17 |  1531 |
| 54 <> 55 |     17 |  1531 |
| 55 <> 56 |     17 |  1531 |
| 56 <> 57 |     17 |  1531 |
| 57 <> 58 |     12 |  1164 |
| 58 <> 59 |     12 |  1164 |
| 59 <> Dur|     12 |  1164 |
=============================
