Running as user "root" and group "root". This could be dangerous.

=============================
| IO Statistics             |
|                           |
| Duration: 59.649067 secs  |
| Interval:  1 secs         |
|                           |
| Col 1: Frames and bytes   |
|---------------------------|
|          |1               |
| Interval | Frames | Bytes |
|---------------------------|
|  0 <>  1 |     17 |  1531 |
|  1 <>  2 |     15 |  1393 |
|  2 <>  3 |     16 |  1465 |
|  3 <>  4 |     16 |  1463 |
|  4 <>  5 |     12 |  1164 |
|  5 <>  6 |     14 |  1437 |
|  6 <>  7 |     12 |  1164 |
|  7 <>  8 |     12 |  1164 |
|  8 <>  9 |     23 |  1955 |
|  9 <> 10 |     39 |  3095 |
| 10 <> 11 |     32 |  2547 |
| 11 <> 12 |     21 |  1773 |
| 12 <> 13 |      7 |   615 |
| 13 <> 14 |      2 |   219 |
| 14 <> 15 |      0 |     0 |
| 15 <> 16 |      0 |     0 |
| 16 <> 17 |      4 |   294 |
| 17 <> 18 |      4 |   294 |
| 18 <> 19 |      0 |     0 |
| 19 <> 20 |      2 |   138 |
| 20 <> 21 |      5 |   336 |
| 21 <> 22 |      2 |   147 |
| 22 <> 23 |      3 |   198 |
| 23 <> 24 |     49 |  4378 |
| 24 <> 25 |      3 |   291 |
| 25 <> 26 |     64 |  5865 |
| 26 <> 27 |     56 |  5305 |
| 27 <> 28 |     16 |  1379 |
| 28 <> 29 |     14 |  1241 |
| 29 <> 30 |      9 |   873 |
| 30 <> 31 |     17 |  1438 |
| 31 <> 32 |      9 |   873 |
| 32 <> 33 |     14 |  1240 |
| 33 <> 34 |     72 |  6956 |
| 34 <> 35 |     12 |  1164 |
| 35 <> 36 |     18 |  1602 |
| 36 <> 37 |     12 |  1164 |
| 37 <> 38 |     13 |  1367 |
| 38 <> 39 |     17 |  1531 |
| 39 <> 40 |     27 |  2265 |
| 40 <> 41 |     22 |  1898 |
| 41 <> 42 |     12 |  1164 |
| 42 <> 43 |     17 |  1531 |
| 43 <> 44 |     18 |  1601 |
| 44 <> 45 |     12 |  1164 |
| 45 <> 46 |     17 |  1531 |
| 46 <> 47 |     17 |  1531 |
| 47 <> 48 |     12 |  1164 |
| 48 <> 49 |     12 |  1164 |
| 49 <> 50 |     22 |  1898 |
| 50 <> 51 |     22 |  1898 |
| 51 <> 52 |     12 |  1164 |
| 52 <> 53 |     12 |  1164 |
| 53 <> 54 |     12 |  1164 |
| 54 <> 55 |     12 |  1164 |
| 55 <> 56 |     12 |  1164 |
| 56 <> 57 |     17 |  1531 |
| 57 <> 58 |     27 |  2265 |
| 58 <> 59 |     22 |  1898 |
| 59 <> Dur|     18 |  1454 |
=============================
