Running as user "root" and group "root". This could be dangerous.

=============================
| IO Statistics             |
|                           |
| Duration: 59.275903 secs  |
| Interval:  1 secs         |
|                           |
| Col 1: tcp.port==2404     |
|---------------------------|
|          |1               |
| Interval | Frames | Bytes |
|---------------------------|
|  0 <>  1 |     21 |  1913 |
|  1 <>  2 |     13 |  1317 |
|  2 <>  3 |     12 |  1164 |
|  3 <>  4 |     10 |   858 |
|  4 <>  5 |     20 |  1760 |
|  5 <>  6 |     12 |  1164 |
|  6 <>  7 |     16 |  1546 |
|  7 <>  8 |     11 |  1011 |
|  8 <>  9 |     22 |  1883 |
|  9 <> 10 |     27 |  2277 |
| 10 <> 11 |     23 |  1994 |
| 11 <> 12 |     17 |  1612 |
| 12 <> 13 |     17 |  1499 |
| 13 <> 14 |     15 |  1354 |
| 14 <> 15 |     21 |  1683 |
| 15 <> 16 |      8 |   798 |
| 16 <> 17 |      2 |   207 |
| 17 <> 18 |      2 |   147 |
| 18 <> 19 |      4 |   294 |
| 19 <> 20 |      0 |     0 |
| 20 <> 21 |      2 |   147 |
| 21 <> 22 |      0 |     0 |
| 22 <> 23 |      2 |   147 |
| 23 <> 24 |      7 |   468 |
| 24 <> 25 |      2 |   138 |
| 25 <> 26 |      0 |     0 |
| 26 <> 27 |     91 |  8480 |
| 27 <> 28 |      8 |   720 |
| 28 <> 29 |     14 |  1180 |
| 29 <> 30 |     46 |  4459 |
| 30 <> 31 |      9 |   873 |
| 31 <> 32 |     14 |  1241 |
| 32 <> 33 |     70 |  6694 |
| 33 <> 34 |     20 |  1760 |
| 34 <> 35 |     17 |  1532 |
| 35 <> 36 |     17 |  1531 |
| 36 <> 37 |     25 |  2127 |
| 37 <> 38 |     12 |  1164 |
| 38 <> 39 |     12 |  1164 |
| 39 <> 40 |     17 |  1531 |
| 40 <> 41 |     17 |  1531 |
| 41 <> 42 |     22 |  1898 |
| 42 <> 43 |     12 |  1164 |
| 43 <> 44 |     12 |  1164 |
| 44 <> 45 |     15 |  1393 |
| 45 <> 46 |     12 |  1164 |
| 46 <> 47 |     17 |  1531 |
| 47 <> 48 |     17 |  1531 |
| 48 <> 49 |     12 |  1164 |
| 49 <> 50 |     20 |  1760 |
| 50 <> 51 |     17 |  1531 |
| 51 <> 52 |     17 |  1531 |
| 52 <> 53 |     12 |  1164 |
| 53 <> 54 |     17 |  1531 |
| 54 <> 55 |     17 |  1531 |
| 55 <> 56 |     20 |  1760 |
| 56 <> 57 |     15 |  1393 |
| 57 <> 58 |     12 |  1164 |
| 58 <> 59 |     15 |  1393 |
| 59 <> Dur|     11 |   949 |
=============================
