Running as user "root" and group "root". This could be dangerous.

=============================
| IO Statistics             |
|                           |
| Duration: 59.656418 secs  |
| Interval:  1 secs         |
|                           |
| Col 1: tcp.port==2404     |
|---------------------------|
|          |1               |
| Interval | Frames | Bytes |
|---------------------------|
|  0 <>  1 |     16 |  1465 |
|  1 <>  2 |     15 |  1393 |
|  2 <>  3 |     17 |  1531 |
|  3 <>  4 |     16 |  1465 |
|  4 <>  5 |     17 |  1531 |
|  5 <>  6 |     16 |  1465 |
|  6 <>  7 |     18 |  1622 |
|  7 <>  8 |     15 |  1393 |
|  8 <>  9 |     12 |  1164 |
|  9 <> 10 |     31 |  2536 |
| 10 <> 11 |     18 |  1625 |
| 11 <> 12 |     18 |  1597 |
| 12 <> 13 |     21 |  1833 |
| 13 <> 14 |     19 |  1663 |
| 14 <> 15 |     12 |  1164 |
| 15 <> 16 |     20 |  1777 |
| 16 <> 17 |     18 |  1622 |
| 17 <> 18 |     12 |  1174 |
| 18 <> 19 |     11 |  1092 |
| 19 <> 20 |     23 |  1980 |
| 20 <> 21 |     16 |  1459 |
| 21 <> 22 |     11 |  1092 |
| 22 <> 23 |     17 |  1541 |
| 23 <> 24 |     16 |  1459 |
| 24 <> 25 |     18 |  1582 |
| 25 <> 26 |     28 |  2352 |
| 26 <> 27 |     11 |  1042 |
| 27 <> 28 |     12 |  1114 |
| 28 <> 29 |     30 |  2625 |
| 29 <> 30 |     11 |  1104 |
| 30 <> 31 |     16 |  1472 |
| 31 <> 32 |     12 |  1186 |
| 32 <> 33 |     16 |  1471 |
| 33 <> 34 |     17 |  1552 |
| 34 <> 35 |     16 |  1471 |
| 35 <> 36 |     16 |  1471 |
| 36 <> 37 |     23 |  1976 |
| 37 <> 38 |     14 |  1240 |
| 38 <> 39 |     14 |  1256 |
| 39 <> 40 |     17 |  1438 |
| 40 <> 41 |     22 |  1831 |
| 41 <> 42 |     11 |  1042 |
| 42 <> 43 |     37 |  3329 |
| 43 <> 44 |     14 |  1333 |
| 44 <> 45 |     20 |  1773 |
| 45 <> 46 |     16 |  1471 |
| 46 <> 47 |     13 |  1251 |
| 47 <> 48 |     12 |  1186 |
| 48 <> 49 |     11 |  1104 |
| 49 <> 50 |     22 |  1919 |
| 50 <> 51 |     11 |  1104 |
| 51 <> 52 |     14 |  1324 |
| 52 <> 53 |      9 |   873 |
| 53 <> 54 |     15 |  1322 |
| 54 <> 55 |     14 |  1240 |
| 55 <> 56 |     18 |  1507 |
| 56 <> 57 |     13 |  1185 |
| 57 <> 58 |     20 |  1677 |
| 58 <> 59 |     13 |  1168 |
| 59 <> Dur|      9 |   883 |
=============================
