Running as user "root" and group "root". This could be dangerous.

=============================
| IO Statistics             |
|                           |
| Duration: 59.208291 secs  |
| Interval:  1 secs         |
|                           |
| Col 1: Frames and bytes   |
|---------------------------|
|          |1               |
| Interval | Frames | Bytes |
|---------------------------|
|  0 <>  1 |      3 |   291 |
|  1 <>  2 |      8 |   680 |
|  2 <>  3 |      4 |   381 |
|  3 <>  4 |      5 |  1225 |
|  4 <>  5 |      3 |   291 |
|  5 <>  6 |      5 |   697 |
|  6 <>  7 |      6 |   520 |
|  7 <>  8 |      3 |   291 |
|  8 <>  9 |      4 |  1155 |
|  9 <> 10 |      3 |   291 |
| 10 <> 11 |      3 |   291 |
| 11 <> 12 |      5 |  1221 |
| 12 <> 13 |      4 |   357 |
| 13 <> 14 |      3 |   291 |
| 14 <> 15 |      3 |   291 |
| 15 <> 16 |      9 |  1522 |
| 16 <> 17 |      3 |   291 |
| 17 <> 18 |      3 |   291 |
| 18 <> 19 |      3 |   291 |
| 19 <> 20 |      3 |   291 |
| 20 <> 21 |      8 |   658 |
| 21 <> 22 |      3 |   291 |
| 22 <> 23 |      3 |   291 |
| 23 <> 24 |      8 |   658 |
| 24 <> 25 |     10 |   781 |
| 25 <> 26 |      8 |   697 |
| 26 <> 27 |      5 |   460 |
| 27 <> 28 |      2 |   231 |
| 28 <> 29 |      3 |   313 |
| 29 <> 30 |      2 |   231 |
| 30 <> 31 |      2 |   231 |
| 31 <> 32 |      4 |   383 |
| 32 <> 33 |      2 |   231 |
| 33 <> 34 |      4 |   378 |
| 34 <> 35 |      2 |   231 |
| 35 <> 36 |      2 |   231 |
| 36 <> 37 |      4 |   369 |
| 37 <> 38 |      2 |   406 |
| 38 <> 39 |      1 |    82 |
| 39 <> 40 |      4 |   268 |
| 40 <> 41 |      2 |   144 |
| 41 <> 42 |      0 |     0 |
| 42 <> 43 |     28 |  2434 |
| 43 <> 44 |      3 |   291 |
| 44 <> 45 |      8 |   659 |
| 45 <> 46 |      3 |   291 |
| 46 <> 47 |      3 |   291 |
| 47 <> 48 |      3 |   291 |
| 48 <> 49 |      3 |   291 |
| 49 <> 50 |      8 |   658 |
| 50 <> 51 |      3 |   291 |
| 51 <> 52 |      4 |   373 |
| 52 <> 53 |      3 |   291 |
| 53 <> 54 |      8 |   658 |
| 54 <> 55 |      3 |   291 |
| 55 <> 56 |      3 |   291 |
| 56 <> 57 |      3 |   291 |
| 57 <> 58 |      3 |   291 |
| 58 <> 59 |      8 |   658 |
| 59 <> Dur|      3 |   291 |
=============================
