Running as user "root" and group "root". This could be dangerous.

=============================
| IO Statistics             |
|                           |
| Duration: 59.541380 secs  |
| Interval:  1 secs         |
|                           |
| Col 1: tcp.port==2404     |
|---------------------------|
|          |1               |
| Interval | Frames | Bytes |
|---------------------------|
|  0 <>  1 |     13 |  1230 |
|  1 <>  2 |     16 |  1465 |
|  2 <>  3 |     21 |  1832 |
|  3 <>  4 |     16 |  1459 |
|  4 <>  5 |     14 |  1296 |
|  5 <>  6 |     14 |  1296 |
|  6 <>  7 |     16 |  1459 |
|  7 <>  8 |     23 |  1989 |
|  8 <>  9 |     22 |  1883 |
|  9 <> 10 |     27 |  2232 |
| 10 <> 11 |     31 |  2472 |
| 11 <> 12 |     24 |  1976 |
| 12 <> 13 |     11 |   923 |
| 13 <> 14 |      4 |   366 |
| 14 <> 15 |      0 |     0 |
| 15 <> 16 |      2 |   147 |
| 16 <> 17 |      4 |   294 |
| 17 <> 18 |      0 |     0 |
| 18 <> 19 |      0 |     0 |
| 19 <> 20 |      2 |   147 |
| 20 <> 21 |      3 |   198 |
| 21 <> 22 |      3 |   198 |
| 22 <> 23 |      0 |     0 |
| 23 <> 24 |     51 |  4510 |
| 24 <> 25 |     47 |  4432 |
| 25 <> 26 |     11 |   950 |
| 26 <> 27 |     70 |  6453 |
| 27 <> 28 |     13 |  1137 |
| 28 <> 29 |     14 |  1241 |
| 29 <> 30 |      9 |   873 |
| 30 <> 31 |     69 |  6479 |
| 31 <> 32 |     17 |  1531 |
| 32 <> 33 |     27 |  2266 |
| 33 <> 34 |     17 |  1531 |
| 34 <> 35 |     17 |  1531 |
| 35 <> 36 |     12 |  1164 |
| 36 <> 37 |     17 |  1531 |
| 37 <> 38 |     17 |  1531 |
| 38 <> 39 |     12 |  1164 |
| 39 <> 40 |     17 |  1531 |
| 40 <> 41 |     12 |  1164 |
| 41 <> 42 |     17 |  1531 |
| 42 <> 43 |     17 |  1531 |
| 43 <> 44 |     17 |  1531 |
| 44 <> 45 |     17 |  1531 |
| 45 <> 46 |     22 |  1898 |
| 46 <> 47 |     12 |  1164 |
| 47 <> 48 |     17 |  1531 |
| 48 <> 49 |     22 |  1898 |
| 49 <> 50 |     17 |  1531 |
| 50 <> 51 |     12 |  1164 |
| 51 <> 52 |     17 |  1531 |
| 52 <> 53 |     17 |  1531 |
| 53 <> 54 |     17 |  1531 |
| 54 <> 55 |     12 |  1164 |
| 55 <> 56 |     17 |  1531 |
| 56 <> 57 |     12 |  1164 |
| 57 <> 58 |     22 |  1898 |
| 58 <> 59 |     22 |  1898 |
| 59 <> Dur|     12 |  1164 |
=============================
