Running as user "root" and group "root". This could be dangerous.

=============================
| IO Statistics             |
|                           |
| Duration: 59. 12950 secs  |
| Interval:  1 secs         |
|                           |
| Col 1: Frames and bytes   |
|---------------------------|
|          |1               |
| Interval | Frames | Bytes |
|---------------------------|
|  0 <>  1 |      8 |   658 |
|  1 <>  2 |      3 |   291 |
|  2 <>  3 |      3 |   291 |
|  3 <>  4 |      4 |   361 |
|  4 <>  5 |      3 |   291 |
|  5 <>  6 |      3 |   291 |
|  6 <>  7 |      7 |   590 |
|  7 <>  8 |      3 |   291 |
|  8 <>  9 |      5 |   697 |
|  9 <> 10 |      4 |   361 |
| 10 <> 11 |      8 |   658 |
| 11 <> 12 |      3 |   291 |
| 12 <> 13 |      3 |   291 |
| 13 <> 14 |      3 |   291 |
| 14 <> 15 |      3 |   291 |
| 15 <> 16 |      3 |   291 |
| 16 <> 17 |      3 |   291 |
| 17 <> 18 |      3 |   291 |
| 18 <> 19 |      8 |   658 |
| 19 <> 20 |      3 |   291 |
| 20 <> 21 |      3 |   291 |
| 21 <> 22 |      3 |   291 |
| 22 <> 23 |      3 |   291 |
| 23 <> 24 |      8 |   658 |
| 24 <> 25 |      3 |   291 |
| 25 <> 26 |      8 |   658 |
| 26 <> 27 |      3 |   291 |
| 27 <> 28 |      4 |   381 |
| 28 <> 29 |      4 |   381 |
| 29 <> 30 |      4 |  1155 |
| 30 <> 31 |      3 |   291 |
| 31 <> 32 |      3 |   291 |
| 32 <> 33 |      4 |   381 |
| 33 <> 34 |      9 |   748 |
| 34 <> 35 |      3 |   291 |
| 35 <> 36 |      6 |  2089 |
| 36 <> 37 |      3 |   291 |
| 37 <> 38 |      3 |   291 |
| 38 <> 39 |      6 |  2883 |
| 39 <> 40 |     17 |  2876 |
| 40 <> 41 |      6 |   763 |
| 41 <> 42 |      3 |   289 |
| 42 <> 43 |      2 |   219 |
| 43 <> 44 |      2 |   219 |
| 44 <> 45 |      2 |   219 |
| 45 <> 46 |      3 |   289 |
| 46 <> 47 |      2 |   219 |
| 47 <> 48 |      4 |   366 |
| 48 <> 49 |      2 |   219 |
| 49 <> 50 |      2 |   219 |
| 50 <> 51 |      5 |   417 |
| 51 <> 52 |      2 |   207 |
| 52 <> 53 |      0 |     0 |
| 53 <> 54 |     14 |  1138 |
| 54 <> 55 |      3 |   291 |
| 55 <> 56 |      8 |   659 |
| 56 <> 57 |      3 |   291 |
| 57 <> 58 |      3 |   291 |
| 58 <> 59 |      3 |   291 |
| 59 <> Dur|      3 |   291 |
=============================
