Running as user "root" and group "root". This could be dangerous.

=============================
| IO Statistics             |
|                           |
| Duration: 59.611851 secs  |
| Interval:  1 secs         |
|                           |
| Col 1: Frames and bytes   |
|---------------------------|
|          |1               |
| Interval | Frames | Bytes |
|---------------------------|
|  0 <>  1 |     17 |  1531 |
|  1 <>  2 |     12 |  1164 |
|  2 <>  3 |     18 |  1622 |
|  3 <>  4 |     13 |  1236 |
|  4 <>  5 |     12 |  1164 |
|  5 <>  6 |     12 |  1164 |
|  6 <>  7 |     19 |  1694 |
|  7 <>  8 |     16 |  1463 |
|  8 <>  9 |     22 |  1999 |
|  9 <> 10 |     20 |  1745 |
| 10 <> 11 |     24 |  2072 |
| 11 <> 12 |     23 |  2763 |
| 12 <> 13 |     17 |  1540 |
| 13 <> 14 |     19 |  2503 |
| 14 <> 15 |     13 |  1256 |
| 15 <> 16 |     11 |  1092 |
| 16 <> 17 |     12 |  1174 |
| 17 <> 18 |     14 |  2103 |
| 18 <> 19 |     16 |  1459 |
| 19 <> 20 |     22 |  1868 |
| 20 <> 21 |     24 |  2831 |
| 21 <> 22 |      9 |   883 |
| 22 <> 23 |     10 |   948 |
| 23 <> 24 |     14 |  1250 |
| 24 <> 25 |     34 |  2954 |
| 25 <> 26 |     18 |  1606 |
| 26 <> 27 |     17 |  1542 |
| 27 <> 28 |     11 |  1092 |
| 28 <> 29 |     16 |  1459 |
| 29 <> 30 |     18 |  1582 |
| 30 <> 31 |     15 |  1404 |
| 31 <> 32 |     18 |  1542 |
| 32 <> 33 |      8 |   813 |
| 33 <> 34 |     14 |  1262 |
| 34 <> 35 |     29 |  2599 |
| 35 <> 36 |     13 |  1251 |
| 36 <> 37 |     19 |  1701 |
| 37 <> 38 |     11 |  1104 |
| 38 <> 39 |     11 |  1104 |
| 39 <> 40 |     16 |  1471 |
| 40 <> 41 |     26 |  2312 |
| 41 <> 42 |     18 |  1633 |
| 42 <> 43 |     10 |   953 |
| 43 <> 44 |     11 |   999 |
| 44 <> 45 |      9 |   883 |
| 45 <> 46 |     13 |  1168 |
| 46 <> 47 |     32 |  2882 |
| 47 <> 48 |     19 |  1688 |
| 48 <> 49 |     21 |  1827 |
| 49 <> 50 |     11 |  1092 |
| 50 <> 51 |     14 |  1290 |
| 51 <> 52 |     11 |  1080 |
| 52 <> 53 |     14 |  1240 |
| 53 <> 54 |     28 |  2378 |
| 54 <> 55 |     17 |  1531 |
| 55 <> 56 |     22 |  1899 |
| 56 <> 57 |     12 |  1164 |
| 57 <> 58 |     17 |  1531 |
| 58 <> 59 |     17 |  1531 |
| 59 <> Dur|     17 |  1531 |
=============================
