Running as user "root" and group "root". This could be dangerous.

=============================
| IO Statistics             |
|                           |
| Duration: 59.276607 secs  |
| Interval:  1 secs         |
|                           |
| Col 1: Frames and bytes   |
|---------------------------|
|          |1               |
| Interval | Frames | Bytes |
|---------------------------|
|  0 <>  1 |     12 |  1164 |
|  1 <>  2 |     21 |  1913 |
|  2 <>  3 |     11 |  1011 |
|  3 <>  4 |     16 |  1465 |
|  4 <>  5 |     15 |  1393 |
|  5 <>  6 |     12 |  1164 |
|  6 <>  7 |     13 |  1230 |
|  7 <>  8 |     13 |  1230 |
|  8 <>  9 |     20 |  1720 |
|  9 <> 10 |     41 |  3326 |
| 10 <> 11 |     24 |  2077 |
| 11 <> 12 |     18 |  1466 |
| 12 <> 13 |     15 |  1262 |
| 13 <> 14 |      3 |   301 |
| 14 <> 15 |      0 |     0 |
| 15 <> 16 |      0 |     0 |
| 16 <> 17 |      2 |   147 |
| 17 <> 18 |      4 |   294 |
| 18 <> 19 |      2 |   147 |
| 19 <> 20 |      5 |   366 |
| 20 <> 21 |      4 |   270 |
| 21 <> 22 |      5 |   330 |
| 22 <> 23 |      4 |   276 |
| 23 <> 24 |      0 |     0 |
| 24 <> 25 |    109 |  9947 |
| 25 <> 26 |     12 |   978 |
| 26 <> 27 |     15 |  1252 |
| 27 <> 28 |      6 |   582 |
| 28 <> 29 |    107 | 10187 |
| 29 <> 30 |     12 |  1164 |
| 30 <> 31 |     22 |  1900 |
| 31 <> 32 |     21 |  1832 |
| 32 <> 33 |     12 |  1164 |
| 33 <> 34 |     21 |  1832 |
| 34 <> 35 |     12 |  1164 |
| 35 <> 36 |     22 |  1898 |
| 36 <> 37 |     13 |  1230 |
| 37 <> 38 |     23 |  1964 |
| 38 <> 39 |     13 |  1230 |
| 39 <> 40 |     21 |  1832 |
| 40 <> 41 |     13 |  1230 |
| 41 <> 42 |     13 |  1230 |
| 42 <> 43 |     13 |  1367 |
| 43 <> 44 |     12 |  1164 |
| 44 <> 45 |     12 |  1164 |
| 45 <> 46 |     12 |  1164 |
| 46 <> 47 |     23 |  1964 |
| 47 <> 48 |     24 |  2034 |
| 48 <> 49 |     12 |  1164 |
| 49 <> 50 |     13 |  1230 |
| 50 <> 51 |     13 |  1230 |
| 51 <> 52 |     14 |  1300 |
| 52 <> 53 |     20 |  1760 |
| 53 <> 54 |     21 |  1832 |
| 54 <> 55 |     21 |  1832 |
| 55 <> 56 |     13 |  1230 |
| 56 <> 57 |     13 |  1230 |
| 57 <> 58 |     21 |  1832 |
| 58 <> 59 |     20 |  1760 |
| 59 <> Dur|      6 |   582 |
=============================
