Running as user "root" and group "root". This could be dangerous.

=============================
| IO Statistics             |
|                           |
| Duration: 59.439481 secs  |
| Interval:  1 secs         |
|                           |
| Col 1: tcp.port==2404     |
|---------------------------|
|          |1               |
| Interval | Frames | Bytes |
|---------------------------|
|  0 <>  1 |     13 |  1317 |
|  1 <>  2 |     14 |  1240 |
|  2 <>  3 |     12 |  1164 |
|  3 <>  4 |     17 |  1531 |
|  4 <>  5 |     16 |  1474 |
|  5 <>  6 |     21 |  1842 |
|  6 <>  7 |     12 |  1164 |
|  7 <>  8 |     12 |  1164 |
|  8 <>  9 |     19 |  1654 |
|  9 <> 10 |     37 |  2948 |
| 10 <> 11 |     28 |  2278 |
| 11 <> 12 |     29 |  2302 |
| 12 <> 13 |      8 |   749 |
| 13 <> 14 |      0 |     0 |
| 14 <> 15 |      2 |   147 |
| 15 <> 16 |      0 |     0 |
| 16 <> 17 |      0 |     0 |
| 17 <> 18 |      2 |   147 |
| 18 <> 19 |      2 |   147 |
| 19 <> 20 |      1 |    72 |
| 20 <> 21 |      7 |   462 |
| 21 <> 22 |      0 |     0 |
| 22 <> 23 |      2 |   138 |
| 23 <> 24 |    100 |  9074 |
| 24 <> 25 |      9 |   780 |
| 25 <> 26 |     16 |  1318 |
| 26 <> 27 |     51 |  4882 |
| 27 <> 28 |     62 |  5794 |
| 28 <> 29 |     17 |  1532 |
| 29 <> 30 |     16 |  1466 |
| 30 <> 31 |     22 |  1898 |
| 31 <> 32 |     12 |  1164 |
| 32 <> 33 |     12 |  1164 |
| 33 <> 34 |     17 |  1531 |
| 34 <> 35 |     16 |  1465 |
| 35 <> 36 |     17 |  1531 |
| 36 <> 37 |     22 |  1898 |
| 37 <> 38 |     16 |  1465 |
| 38 <> 39 |     17 |  1531 |
| 39 <> 40 |     12 |  1164 |
| 40 <> 41 |     12 |  1164 |
| 41 <> 42 |     17 |  1531 |
| 42 <> 43 |     17 |  1531 |
| 43 <> 44 |     12 |  1164 |
| 44 <> 45 |     17 |  1531 |
| 45 <> 46 |     26 |  2199 |
| 46 <> 47 |     12 |  1164 |
| 47 <> 48 |     12 |  1164 |
| 48 <> 49 |     16 |  1465 |
| 49 <> 50 |     16 |  1465 |
| 50 <> 51 |     22 |  1898 |
| 51 <> 52 |     16 |  1465 |
| 52 <> 53 |     12 |  1164 |
| 53 <> 54 |     12 |  1164 |
| 54 <> 55 |     17 |  1531 |
| 55 <> 56 |     12 |  1164 |
| 56 <> 57 |     12 |  1164 |
| 57 <> 58 |     16 |  1465 |
| 58 <> 59 |     22 |  1898 |
| 59 <> Dur|     14 |  1240 |
=============================
