Running as user "root" and group "root". This could be dangerous.

=============================
| IO Statistics             |
|                           |
| Duration: 59.627445 secs  |
| Interval:  1 secs         |
|                           |
| Col 1: Frames and bytes   |
|---------------------------|
|          |1               |
| Interval | Frames | Bytes |
|---------------------------|
|  0 <>  1 |     17 |  1531 |
|  1 <>  2 |     13 |  1317 |
|  2 <>  3 |     12 |  1164 |
|  3 <>  4 |     11 |  1011 |
|  4 <>  5 |     12 |  1164 |
|  5 <>  6 |     22 |  1898 |
|  6 <>  7 |     12 |  1164 |
|  7 <>  8 |     17 |  1531 |
|  8 <>  9 |     34 |  2756 |
|  9 <> 10 |     32 |  2636 |
| 10 <> 11 |     30 |  2362 |
| 11 <> 12 |     29 |  2345 |
| 12 <> 13 |     32 |  2510 |
| 13 <> 14 |     33 |  2521 |
| 14 <> 15 |     18 |  1395 |
| 15 <> 16 |     16 |  1225 |
| 16 <> 17 |      4 |   294 |
| 17 <> 18 |      2 |   147 |
| 18 <> 19 |      2 |   147 |
| 19 <> 20 |      0 |     0 |
| 20 <> 21 |      5 |   345 |
| 21 <> 22 |      3 |   198 |
| 22 <> 23 |      0 |     0 |
| 23 <> 24 |     50 |  4630 |
| 24 <> 25 |     55 |  4966 |
| 25 <> 26 |     14 |  1148 |
| 26 <> 27 |     11 |   950 |
| 27 <> 28 |     42 |  4102 |
| 28 <> 29 |     52 |  5134 |
| 29 <> 30 |     17 |  1532 |
| 30 <> 31 |     25 |  2109 |
| 31 <> 32 |     17 |  1531 |
| 32 <> 33 |     17 |  1531 |
| 33 <> 34 |     12 |  1164 |
| 34 <> 35 |     22 |  1898 |
| 35 <> 36 |     17 |  1531 |
| 36 <> 37 |     17 |  1531 |
| 37 <> 38 |     12 |  1164 |
| 38 <> 39 |     12 |  1164 |
| 39 <> 40 |     12 |  1164 |
| 40 <> 41 |     22 |  1898 |
| 41 <> 42 |     22 |  1898 |
| 42 <> 43 |     17 |  1531 |
| 43 <> 44 |     17 |  1531 |
| 44 <> 45 |     22 |  1898 |
| 45 <> 46 |     17 |  1531 |
| 46 <> 47 |     12 |  1164 |
| 47 <> 48 |     22 |  1898 |
| 48 <> 49 |     12 |  1164 |
| 49 <> 50 |     12 |  1164 |
| 50 <> 51 |     12 |  1164 |
| 51 <> 52 |     12 |  1164 |
| 52 <> 53 |     17 |  1531 |
| 53 <> 54 |     17 |  1531 |
| 54 <> 55 |     17 |  1531 |
| 55 <> 56 |     12 |  1164 |
| 56 <> 57 |     17 |  1531 |
| 57 <> 58 |     12 |  1164 |
| 58 <> 59 |     12 |  1164 |
| 59 <> Dur|     21 |  1832 |
=============================
