Running as user "root" and group "root". This could be dangerous.

=============================
| IO Statistics             |
|                           |
| Duration: 59. 47862 secs  |
| Interval:  1 secs         |
|                           |
| Col 1: tcp.port==2404     |
|---------------------------|
|          |1               |
| Interval | Frames | Bytes |
|---------------------------|
|  0 <>  1 |     16 |  1428 |
|  1 <>  2 |     16 |  1465 |
|  2 <>  3 |     12 |  1164 |
|  3 <>  4 |     20 |  1760 |
|  4 <>  5 |     22 |  1923 |
|  5 <>  6 |     12 |  1164 |
|  6 <>  7 |     15 |  1393 |
|  7 <>  8 |     12 |  1164 |
|  8 <>  9 |     26 |  2153 |
|  9 <> 10 |     20 |  1761 |
| 10 <> 11 |     28 |  2332 |
| 11 <> 12 |     16 |  1459 |
| 12 <> 13 |     21 |  1853 |
| 13 <> 14 |     12 |  1174 |
| 14 <> 15 |     11 |  1092 |
| 15 <> 16 |     22 |  1908 |
| 16 <> 17 |     20 |  1717 |
| 17 <> 18 |     14 |  1267 |
| 18 <> 19 |      9 |   883 |
| 19 <> 20 |     13 |  1168 |
| 20 <> 21 |     16 |  1397 |
| 21 <> 22 |     13 |  1168 |
| 22 <> 23 |     11 |   999 |
| 23 <> 24 |      9 |   883 |
| 24 <> 25 |     23 |  1871 |
| 25 <> 26 |     49 |  4418 |
| 26 <> 27 |      9 |   883 |
| 27 <> 28 |     20 |  1683 |
| 28 <> 29 |     12 |  1081 |
| 29 <> 30 |      8 |   801 |
| 30 <> 31 |     10 |   948 |
| 31 <> 32 |     37 |  3317 |
| 32 <> 33 |     28 |  2316 |
| 33 <> 34 |     20 |  1760 |
| 34 <> 35 |     13 |  1277 |
| 35 <> 36 |      8 |   801 |
| 36 <> 37 |     12 |  1081 |
| 37 <> 38 |      8 |   801 |
| 38 <> 39 |     18 |  1535 |
| 39 <> 40 |     37 |  3317 |
| 40 <> 41 |     18 |  1606 |
| 41 <> 42 |     16 |  1448 |
| 42 <> 43 |     14 |  1240 |
| 43 <> 44 |      9 |   873 |
| 44 <> 45 |      9 |   873 |
| 45 <> 46 |      9 |   873 |
| 46 <> 47 |     14 |  1240 |
| 47 <> 48 |     17 |  1438 |
| 48 <> 49 |     19 |  1607 |
| 49 <> 50 |      9 |   873 |
| 50 <> 51 |     44 |  4048 |
| 51 <> 52 |     17 |  1531 |
| 52 <> 53 |     22 |  1899 |
| 53 <> 54 |     12 |  1164 |
| 54 <> 55 |     17 |  1531 |
| 55 <> 56 |     17 |  1531 |
| 56 <> 57 |     22 |  1898 |
| 57 <> 58 |     22 |  1898 |
| 58 <> 59 |     12 |  1164 |
| 59 <> Dur|      6 |   582 |
=============================
