Running as user "root" and group "root". This could be dangerous.

=============================
| IO Statistics             |
|                           |
| Duration: 59.154980 secs  |
| Interval:  1 secs         |
|                           |
| Col 1: Frames and bytes   |
|---------------------------|
|          |1               |
| Interval | Frames | Bytes |
|---------------------------|
|  0 <>  1 |      8 |   658 |
|  1 <>  2 |      4 |   444 |
|  2 <>  3 |      3 |   291 |
|  3 <>  4 |      6 |   439 |
|  4 <>  5 |      3 |   291 |
|  5 <>  6 |      3 |   291 |
|  6 <>  7 |      4 |   361 |
|  7 <>  8 |     13 |  1010 |
|  8 <>  9 |     15 |  1973 |
|  9 <> 10 |      9 |   729 |
| 10 <> 11 |      5 |   564 |
| 11 <> 12 |      4 |   494 |
| 12 <> 13 |      3 |  1083 |
| 13 <> 14 |      2 |   219 |
| 14 <> 15 |      2 |   219 |
| 15 <> 16 |      5 |  1230 |
| 16 <> 17 |      2 |   207 |
| 17 <> 18 |      0 |     0 |
| 18 <> 19 |      2 |   180 |
| 19 <> 20 |      2 |  1728 |
| 20 <> 21 |      0 |     0 |
| 21 <> 22 |      3 |   198 |
| 22 <> 23 |      1 |   864 |
| 23 <> 24 |      0 |     0 |
| 24 <> 25 |     16 |  2491 |
| 25 <> 26 |     23 |  1746 |
| 26 <> 27 |      7 |   593 |
| 27 <> 28 |      4 |   357 |
| 28 <> 29 |      4 |  1155 |
| 29 <> 30 |      3 |   291 |
| 30 <> 31 |      3 |   291 |
| 31 <> 32 |      6 |   520 |
| 32 <> 33 |      5 |   429 |
| 33 <> 34 |      3 |   291 |
| 34 <> 35 |      3 |   291 |
| 35 <> 36 |      4 |   361 |
| 36 <> 37 |      3 |   291 |
| 37 <> 38 |      7 |   592 |
| 38 <> 39 |      4 |   357 |
| 39 <> 40 |      7 |   592 |
| 40 <> 41 |      4 |   357 |
| 41 <> 42 |      3 |   291 |
| 42 <> 43 |      4 |   494 |
| 43 <> 44 |      4 |   494 |
| 44 <> 45 |      3 |   291 |
| 45 <> 46 |      4 |   361 |
| 46 <> 47 |      3 |   291 |
| 47 <> 48 |      7 |   592 |
| 48 <> 49 |      4 |   357 |
| 49 <> 50 |      4 |   361 |
| 50 <> 51 |      3 |   291 |
| 51 <> 52 |      3 |   291 |
| 52 <> 53 |      3 |   291 |
| 53 <> 54 |      7 |   592 |
| 54 <> 55 |      4 |   357 |
| 55 <> 56 |      7 |   592 |
| 56 <> 57 |      4 |   357 |
| 57 <> 58 |      3 |   291 |
| 58 <> 59 |      3 |   291 |
| 59 <> Dur|      3 |   291 |
=============================
