Running as user "root" and group "root". This could be dangerous.

=============================
| IO Statistics             |
|                           |
| Duration: 59.533293 secs  |
| Interval:  1 secs         |
|                           |
| Col 1: tcp.port==2404     |
|---------------------------|
|          |1               |
| Interval | Frames | Bytes |
|---------------------------|
|  0 <>  1 |     12 |  1164 |
|  1 <>  2 |     12 |  1164 |
|  2 <>  3 |     12 |  1164 |
|  3 <>  4 |     20 |  1760 |
|  4 <>  5 |     20 |  1760 |
|  5 <>  6 |     12 |  1164 |
|  6 <>  7 |     12 |  1164 |
|  7 <>  8 |     12 |  1164 |
|  8 <>  9 |     27 |  2250 |
|  9 <> 10 |     25 |  2112 |
| 10 <> 11 |     19 |  1664 |
| 11 <> 12 |     17 |  1542 |
| 12 <> 13 |     15 |  1487 |
| 13 <> 14 |     12 |  1158 |
| 14 <> 15 |     35 |  2850 |
| 15 <> 16 |     12 |  1172 |
| 16 <> 17 |     17 |  1479 |
| 17 <> 18 |     14 |  1259 |
| 18 <> 19 |     13 |  1177 |
| 19 <> 20 |     30 |  2370 |
| 20 <> 21 |     12 |  1101 |
| 21 <> 22 |      7 |   674 |
| 22 <> 23 |     35 |  3169 |
| 23 <> 24 |      9 |   883 |
| 24 <> 25 |     15 |  1307 |
| 25 <> 26 |     17 |  1439 |
| 26 <> 27 |     17 |  1455 |
| 27 <> 28 |     10 |   886 |
| 28 <> 29 |      5 |   510 |
| 29 <> 30 |     50 |  4398 |
| 30 <> 31 |      8 |   801 |
| 31 <> 32 |     13 |  1157 |
| 32 <> 33 |      6 |   582 |
| 33 <> 34 |      6 |   582 |
| 34 <> 35 |     11 |   927 |
| 35 <> 36 |      6 |   582 |
| 36 <> 37 |     18 |  1454 |
| 37 <> 38 |     46 |  4273 |
| 38 <> 39 |     19 |  1607 |
| 39 <> 40 |     14 |  1241 |
| 40 <> 41 |      9 |   873 |
| 41 <> 42 |      9 |   873 |
| 42 <> 43 |     12 |  1071 |
| 43 <> 44 |      9 |   873 |
| 44 <> 45 |     14 |  1240 |
| 45 <> 46 |     52 |  5041 |
| 46 <> 47 |     22 |  1898 |
| 47 <> 48 |     17 |  1532 |
| 48 <> 49 |     12 |  1164 |
| 49 <> 50 |     12 |  1164 |
| 50 <> 51 |     12 |  1164 |
| 51 <> 52 |     12 |  1164 |
| 52 <> 53 |     22 |  1898 |
| 53 <> 54 |     22 |  1898 |
| 54 <> 55 |     12 |  1164 |
| 55 <> 56 |     22 |  1898 |
| 56 <> 57 |     12 |  1164 |
| 57 <> 58 |     12 |  1164 |
| 58 <> 59 |     12 |  1164 |
| 59 <> Dur|     12 |  1164 |
=============================
