Running as user "root" and group "root". This could be dangerous.

=============================
| IO Statistics             |
|                           |
| Duration: 59.626509 secs  |
| Interval:  1 secs         |
|                           |
| Col 1: Frames and bytes   |
|---------------------------|
|          |1               |
| Interval | Frames | Bytes |
|---------------------------|
|  0 <>  1 |     12 |  1164 |
|  1 <>  2 |     22 |  1898 |
|  2 <>  3 |     17 |  1531 |
|  3 <>  4 |     17 |  1531 |
|  4 <>  5 |     22 |  1898 |
|  5 <>  6 |     12 |  1164 |
|  6 <>  7 |     22 |  1898 |
|  7 <>  8 |     17 |  1531 |
|  8 <>  9 |     24 |  2022 |
|  9 <> 10 |     38 |  3105 |
| 10 <> 11 |     31 |  2443 |
| 11 <> 12 |     36 |  2859 |
| 12 <> 13 |     34 |  2664 |
| 13 <> 14 |     33 |  2524 |
| 14 <> 15 |     18 |  1395 |
| 15 <> 16 |     15 |  1081 |
| 16 <> 17 |      2 |   147 |
| 17 <> 18 |      2 |   147 |
| 18 <> 19 |      2 |   147 |
| 19 <> 20 |      0 |     0 |
| 20 <> 21 |      4 |   285 |
| 21 <> 22 |      6 |   406 |
| 22 <> 23 |      3 |   198 |
| 23 <> 24 |      0 |     0 |
| 24 <> 25 |     51 |  4804 |
| 25 <> 26 |     53 |  4834 |
| 26 <> 27 |     14 |  1148 |
| 27 <> 28 |     11 |   950 |
| 28 <> 29 |     46 |  4552 |
| 29 <> 30 |     55 |  5425 |
| 30 <> 31 |     17 |  1532 |
| 31 <> 32 |     22 |  1899 |
| 32 <> 33 |     17 |  1531 |
| 33 <> 34 |     17 |  1531 |
| 34 <> 35 |     12 |  1164 |
| 35 <> 36 |     17 |  1531 |
| 36 <> 37 |     17 |  1531 |
| 37 <> 38 |     22 |  1898 |
| 38 <> 39 |     12 |  1164 |
| 39 <> 40 |     17 |  1531 |
| 40 <> 41 |     17 |  1531 |
| 41 <> 42 |     17 |  1531 |
| 42 <> 43 |     22 |  1898 |
| 43 <> 44 |     12 |  1164 |
| 44 <> 45 |     17 |  1531 |
| 45 <> 46 |     22 |  1898 |
| 46 <> 47 |     17 |  1531 |
| 47 <> 48 |     12 |  1164 |
| 48 <> 49 |     12 |  1164 |
| 49 <> 50 |     12 |  1164 |
| 50 <> 51 |     12 |  1164 |
| 51 <> 52 |     22 |  1898 |
| 52 <> 53 |     22 |  1898 |
| 53 <> 54 |     17 |  1531 |
| 54 <> 55 |     22 |  1898 |
| 55 <> 56 |     12 |  1164 |
| 56 <> 57 |     12 |  1164 |
| 57 <> 58 |     17 |  1531 |
| 58 <> 59 |     27 |  2265 |
| 59 <> Dur|     19 |  1607 |
=============================
