Running as user "root" and group "root". This could be dangerous.

=============================
| IO Statistics             |
|                           |
| Duration: 59.406243 secs  |
| Interval:  1 secs         |
|                           |
| Col 1: Frames and bytes   |
|---------------------------|
|          |1               |
| Interval | Frames | Bytes |
|---------------------------|
|  0 <>  1 |     14 |  1383 |
|  1 <>  2 |     20 |  1679 |
|  2 <>  3 |     12 |  1164 |
|  3 <>  4 |     20 |  1766 |
|  4 <>  5 |     16 |  1459 |
|  5 <>  6 |     23 |  1964 |
|  6 <>  7 |     12 |  1164 |
|  7 <>  8 |     13 |  1230 |
|  8 <>  9 |     21 |  1786 |
|  9 <> 10 |     22 |  1899 |
| 10 <> 11 |     25 |  2073 |
| 11 <> 12 |     15 |  1344 |
| 12 <> 13 |     16 |  1425 |
| 13 <> 14 |     27 |  2331 |
| 14 <> 15 |     14 |  1200 |
| 15 <> 16 |     23 |  1811 |
| 16 <> 17 |      4 |   383 |
| 17 <> 18 |      3 |   301 |
| 18 <> 19 |      6 |   501 |
| 19 <> 20 |      0 |     0 |
| 20 <> 21 |      2 |   147 |
| 21 <> 22 |      5 |   336 |
| 22 <> 23 |      2 |   147 |
| 23 <> 24 |      0 |     0 |
| 24 <> 25 |     58 |  5164 |
| 25 <> 26 |      5 |   438 |
| 26 <> 27 |      8 |   659 |
| 27 <> 28 |     53 |  4921 |
| 28 <> 29 |      9 |   780 |
| 29 <> 30 |     12 |  1016 |
| 30 <> 31 |     12 |  1026 |
| 31 <> 32 |     63 |  5618 |
| 32 <> 33 |      9 |   873 |
| 33 <> 34 |     66 |  7173 |
| 34 <> 35 |     17 |  1531 |
| 35 <> 36 |     17 |  1532 |
| 36 <> 37 |     17 |  1531 |
| 37 <> 38 |     13 |  2028 |
| 38 <> 39 |     17 |  1531 |
| 39 <> 40 |     13 |  1230 |
| 40 <> 41 |     27 |  2265 |
| 41 <> 42 |     14 |  2892 |
| 42 <> 43 |     28 |  2335 |
| 43 <> 44 |     13 |  1230 |
| 44 <> 45 |     17 |  1531 |
| 45 <> 46 |     28 |  2468 |
| 46 <> 47 |     24 |  2034 |
| 47 <> 48 |     13 |  1230 |
| 48 <> 49 |     12 |  1164 |
| 49 <> 50 |     17 |  1531 |
| 50 <> 51 |     17 |  1531 |
| 51 <> 52 |     12 |  1164 |
| 52 <> 53 |     22 |  1898 |
| 53 <> 54 |     12 |  1164 |
| 54 <> 55 |     17 |  1531 |
| 55 <> 56 |     17 |  1531 |
| 56 <> 57 |     12 |  1164 |
| 57 <> 58 |     17 |  1531 |
| 58 <> 59 |     12 |  1164 |
| 59 <> Dur|      6 |   582 |
=============================
