Running as user "root" and group "root". This could be dangerous.

=============================
| IO Statistics             |
|                           |
| Duration: 59.569107 secs  |
| Interval:  1 secs         |
|                           |
| Col 1: tcp.port==2404     |
|---------------------------|
|          |1               |
| Interval | Frames | Bytes |
|---------------------------|
|  0 <>  1 |     13 |  1317 |
|  1 <>  2 |     11 |  1011 |
|  2 <>  3 |     16 |  1465 |
|  3 <>  4 |     21 |  1832 |
|  4 <>  5 |     24 |  2061 |
|  5 <>  6 |     20 |  1760 |
|  6 <>  7 |     16 |  1465 |
|  7 <>  8 |     21 |  1832 |
|  8 <>  9 |     17 |  1531 |
|  9 <> 10 |     34 |  2784 |
| 10 <> 11 |     28 |  2510 |
| 11 <> 12 |     23 |  1995 |
| 12 <> 13 |     25 |  2175 |
| 13 <> 14 |      7 |   627 |
| 14 <> 15 |      2 |   207 |
| 15 <> 16 |      0 |     0 |
| 16 <> 17 |      0 |     0 |
| 17 <> 18 |      2 |   147 |
| 18 <> 19 |      2 |   147 |
| 19 <> 20 |      0 |     0 |
| 20 <> 21 |      3 |   198 |
| 21 <> 22 |      6 |   396 |
| 22 <> 23 |      2 |   147 |
| 23 <> 24 |     53 |  4741 |
| 24 <> 25 |     90 |  8321 |
| 25 <> 26 |     12 |  1103 |
| 26 <> 27 |     19 |  1609 |
| 27 <> 28 |      9 |   873 |
| 28 <> 29 |      9 |   873 |
| 29 <> 30 |     12 |  1071 |
| 30 <> 31 |     12 |  1102 |
| 31 <> 32 |     19 |  1607 |
| 32 <> 33 |     66 |  6368 |
| 33 <> 34 |     17 |  1531 |
| 34 <> 35 |     17 |  1532 |
| 35 <> 36 |     12 |  1164 |
| 36 <> 37 |     12 |  1164 |
| 37 <> 38 |     12 |  1164 |
| 38 <> 39 |     20 |  1760 |
| 39 <> 40 |     22 |  1898 |
| 40 <> 41 |     12 |  1164 |
| 41 <> 42 |     12 |  1164 |
| 42 <> 43 |     12 |  1164 |
| 43 <> 44 |     12 |  1164 |
| 44 <> 45 |     17 |  1531 |
| 45 <> 46 |     20 |  1760 |
| 46 <> 47 |     17 |  1531 |
| 47 <> 48 |     12 |  1164 |
| 48 <> 49 |     12 |  1164 |
| 49 <> 50 |     12 |  1164 |
| 50 <> 51 |     12 |  1164 |
| 51 <> 52 |     16 |  1465 |
| 52 <> 53 |     17 |  1531 |
| 53 <> 54 |     21 |  1832 |
| 54 <> 55 |     22 |  1898 |
| 55 <> 56 |     12 |  1164 |
| 56 <> 57 |     12 |  1164 |
| 57 <> 58 |     16 |  1465 |
| 58 <> 59 |     20 |  1766 |
| 59 <> Dur|     17 |  1531 |
=============================
