Running as user "root" and group "root". This could be dangerous.

=============================
| IO Statistics             |
|                           |
| Duration: 59. 48453 secs  |
| Interval:  1 secs         |
|                           |
| Col 1: Frames and bytes   |
|---------------------------|
|          |1               |
| Interval | Frames | Bytes |
|---------------------------|
|  0 <>  1 |      3 |   291 |
|  1 <>  2 |      7 |   592 |
|  2 <>  3 |      7 |   592 |
|  3 <>  4 |      7 |   592 |
|  4 <>  5 |      3 |   291 |
|  5 <>  6 |     10 |  1616 |
|  6 <>  7 |      8 |   682 |
|  7 <>  8 |      3 |   291 |
|  8 <>  9 |     12 |  1187 |
|  9 <> 10 |     25 |  2841 |
| 10 <> 11 |      2 |   219 |
| 11 <> 12 |      2 |   147 |
| 12 <> 13 |      1 |    90 |
| 13 <> 14 |      1 |    90 |
| 14 <> 15 |      2 |  1728 |
| 15 <> 16 |      0 |     0 |
| 16 <> 17 |      0 |     0 |
| 17 <> 18 |      0 |     0 |
| 18 <> 19 |      0 |     0 |
| 19 <> 20 |      0 |     0 |
| 20 <> 21 |      5 |  1926 |
| 21 <> 22 |      0 |     0 |
| 22 <> 23 |      1 |   864 |
| 23 <> 24 |     51 |  4603 |
| 24 <> 25 |      3 |   291 |
| 25 <> 26 |      6 |   521 |
| 26 <> 27 |      4 |  1155 |
| 27 <> 28 |      3 |   291 |
| 28 <> 29 |      3 |   291 |
| 29 <> 30 |      3 |   291 |
| 30 <> 31 |      6 |   520 |
| 31 <> 32 |      3 |   291 |
| 32 <> 33 |      6 |   520 |
| 33 <> 34 |      3 |   291 |
| 34 <> 35 |      3 |   291 |
| 35 <> 36 |      4 |   361 |
| 36 <> 37 |      3 |   291 |
| 37 <> 38 |      3 |   291 |
| 38 <> 39 |      6 |   520 |
| 39 <> 40 |      3 |   291 |
| 40 <> 41 |      5 |   697 |
| 41 <> 42 |      3 |   291 |
| 42 <> 43 |      3 |   291 |
| 43 <> 44 |      3 |   291 |
| 44 <> 45 |      3 |   291 |
| 45 <> 46 |      6 |   520 |
| 46 <> 47 |      3 |   291 |
| 47 <> 48 |      3 |   291 |
| 48 <> 49 |      3 |   291 |
| 49 <> 50 |      4 |   361 |
| 50 <> 51 |      3 |   291 |
| 51 <> 52 |      7 |   592 |
| 52 <> 53 |      3 |   291 |
| 53 <> 54 |      7 |   592 |
| 54 <> 55 |      3 |   291 |
| 55 <> 56 |      3 |   291 |
| 56 <> 57 |      3 |   291 |
| 57 <> 58 |      7 |   592 |
| 58 <> 59 |      6 |   526 |
| 59 <> Dur|      3 |   291 |
=============================
