Running as user "root" and group "root". This could be dangerous.

=============================
| IO Statistics             |
|                           |
| Duration: 59.102869 secs  |
| Interval:  1 secs         |
|                           |
| Col 1: Frames and bytes   |
|---------------------------|
|          |1               |
| Interval | Frames | Bytes |
|---------------------------|
|  0 <>  1 |      5 |   510 |
|  1 <>  2 |      2 |   138 |
|  2 <>  3 |      4 |   444 |
|  3 <>  4 |      2 |   138 |
|  4 <>  5 |      8 |   658 |
|  5 <>  6 |      3 |   291 |
|  6 <>  7 |      3 |   291 |
|  7 <>  8 |      3 |   291 |
|  8 <>  9 |      3 |   291 |
|  9 <> 10 |      8 |   658 |
| 10 <> 11 |      3 |   291 |
| 11 <> 12 |      4 |   357 |
| 12 <> 13 |      4 |   357 |
| 13 <> 14 |      3 |   291 |
| 14 <> 15 |      3 |   291 |
| 15 <> 16 |      5 |   697 |
| 16 <> 17 |     15 |  1148 |
| 17 <> 18 |      7 |   603 |
| 18 <> 19 |      5 |   448 |
| 19 <> 20 |      7 |   588 |
| 20 <> 21 |      4 |   354 |
| 21 <> 22 |      0 |     0 |
| 22 <> 23 |      0 |     0 |
| 23 <> 24 |      0 |     0 |
| 24 <> 25 |      0 |     0 |
| 25 <> 26 |      0 |     0 |
| 26 <> 27 |      2 |   147 |
| 27 <> 28 |      0 |     0 |
| 28 <> 29 |      2 |   138 |
| 29 <> 30 |      3 |   198 |
| 30 <> 31 |      0 |     0 |
| 31 <> 32 |      0 |     0 |
| 32 <> 33 |     42 |  3916 |
| 33 <> 34 |      3 |   291 |
| 34 <> 35 |      7 |   593 |
| 35 <> 36 |      3 |   291 |
| 36 <> 37 |      3 |   291 |
| 37 <> 38 |      3 |   291 |
| 38 <> 39 |      3 |   291 |
| 39 <> 40 |      7 |   592 |
| 40 <> 41 |      3 |   291 |
| 41 <> 42 |      3 |   291 |
| 42 <> 43 |      3 |   291 |
| 43 <> 44 |      3 |   291 |
| 44 <> 45 |      3 |   291 |
| 45 <> 46 |      7 |   592 |
| 46 <> 47 |      3 |   291 |
| 47 <> 48 |      3 |   291 |
| 48 <> 49 |      3 |   291 |
| 49 <> 50 |      3 |   291 |
| 50 <> 51 |      3 |   291 |
| 51 <> 52 |      7 |   592 |
| 52 <> 53 |      3 |   291 |
| 53 <> 54 |      3 |   291 |
| 54 <> 55 |      3 |   291 |
| 55 <> 56 |      7 |   592 |
| 56 <> 57 |      3 |   291 |
| 57 <> 58 |      3 |   291 |
| 58 <> 59 |      7 |   592 |
| 59 <> Dur|      8 |   658 |
=============================
