Running as user "root" and group "root". This could be dangerous.

=============================
| IO Statistics             |
|                           |
| Duration: 59.590822 secs  |
| Interval:  1 secs         |
|                           |
| Col 1: Frames and bytes   |
|---------------------------|
|          |1               |
| Interval | Frames | Bytes |
|---------------------------|
|  0 <>  1 |     15 |  1362 |
|  1 <>  2 |     12 |  1164 |
|  2 <>  3 |     12 |  1164 |
|  3 <>  4 |     16 |  1465 |
|  4 <>  5 |     17 |  1531 |
|  5 <>  6 |     12 |  1164 |
|  6 <>  7 |     16 |  1465 |
|  7 <>  8 |     19 |  1654 |
|  8 <>  9 |     30 |  2496 |
|  9 <> 10 |     27 |  2313 |
| 10 <> 11 |     22 |  1989 |
| 11 <> 12 |     17 |  1552 |
| 12 <> 13 |     12 |  1101 |
| 13 <> 14 |     15 |  1291 |
| 14 <> 15 |     13 |  1195 |
| 15 <> 16 |     11 |  1101 |
| 16 <> 17 |     18 |  1461 |
| 17 <> 18 |     11 |   969 |
| 18 <> 19 |      7 |   595 |
| 19 <> 20 |      9 |   718 |
| 20 <> 21 |      4 |   354 |
| 21 <> 22 |      0 |     0 |
| 22 <> 23 |     46 |  4087 |
| 23 <> 24 |      3 |   291 |
| 24 <> 25 |      7 |   593 |
| 25 <> 26 |     49 |  4384 |
| 26 <> 27 |     11 |   927 |
| 27 <> 28 |     11 |   950 |
| 28 <> 29 |      8 |   720 |
| 29 <> 30 |     55 |  4997 |
| 30 <> 31 |      9 |   873 |
| 31 <> 32 |     18 |  1542 |
| 32 <> 33 |     56 |  5156 |
| 33 <> 34 |     12 |  1164 |
| 34 <> 35 |     16 |  1466 |
| 35 <> 36 |     17 |  1531 |
| 36 <> 37 |     17 |  1531 |
| 37 <> 38 |     18 |  1597 |
| 38 <> 39 |     14 |  1296 |
| 39 <> 40 |     16 |  1465 |
| 40 <> 41 |     17 |  1531 |
| 41 <> 42 |     21 |  1832 |
| 42 <> 43 |     12 |  1164 |
| 43 <> 44 |     17 |  1531 |
| 44 <> 45 |     16 |  1465 |
| 45 <> 46 |     21 |  1832 |
| 46 <> 47 |     12 |  1164 |
| 47 <> 48 |     17 |  1531 |
| 48 <> 49 |     12 |  1164 |
| 49 <> 50 |     16 |  1465 |
| 50 <> 51 |     12 |  1164 |
| 51 <> 52 |     16 |  1465 |
| 52 <> 53 |     22 |  1898 |
| 53 <> 54 |     12 |  1164 |
| 54 <> 55 |     13 |  1230 |
| 55 <> 56 |     22 |  1898 |
| 56 <> 57 |     20 |  1766 |
| 57 <> 58 |     15 |  1399 |
| 58 <> 59 |     26 |  2199 |
| 59 <> Dur|     17 |  1531 |
=============================
