Running as user "root" and group "root". This could be dangerous.

=============================
| IO Statistics             |
|                           |
| Duration: 59. 35970 secs  |
| Interval:  1 secs         |
|                           |
| Col 1: tcp.port==2404     |
|---------------------------|
|          |1               |
| Interval | Frames | Bytes |
|---------------------------|
|  0 <>  1 |      3 |   291 |
|  1 <>  2 |      3 |   291 |
|  2 <>  3 |      3 |   291 |
|  3 <>  4 |      3 |   291 |
|  4 <>  5 |      3 |   291 |
|  5 <>  6 |      7 |   592 |
|  6 <>  7 |      3 |   291 |
|  7 <>  8 |     15 |  1149 |
|  8 <>  9 |     11 |   872 |
|  9 <> 10 |      4 |   369 |
| 10 <> 11 |      4 |   474 |
| 11 <> 12 |      2 |   219 |
| 12 <> 13 |      0 |     0 |
| 13 <> 14 |      0 |     0 |
| 14 <> 15 |      2 |   147 |
| 15 <> 16 |      0 |     0 |
| 16 <> 17 |      0 |     0 |
| 17 <> 18 |      0 |     0 |
| 18 <> 19 |      4 |   270 |
| 19 <> 20 |      0 |     0 |
| 20 <> 21 |      0 |     0 |
| 21 <> 22 |      7 |   577 |
| 22 <> 23 |     36 |  3312 |
| 23 <> 24 |      6 |   521 |
| 24 <> 25 |      4 |   363 |
| 25 <> 26 |      3 |   291 |
| 26 <> 27 |      3 |   291 |
| 27 <> 28 |      3 |   291 |
| 28 <> 29 |      6 |   520 |
| 29 <> 30 |      4 |   363 |
| 30 <> 31 |      6 |   520 |
| 31 <> 32 |      4 |   363 |
| 32 <> 33 |      3 |   291 |
| 33 <> 34 |      3 |   291 |
| 34 <> 35 |      3 |   291 |
| 35 <> 36 |      3 |   291 |
| 36 <> 37 |      3 |   291 |
| 37 <> 38 |      8 |   658 |
| 38 <> 39 |      4 |   357 |
| 39 <> 40 |      3 |   291 |
| 40 <> 41 |      3 |   291 |
| 41 <> 42 |      7 |   592 |
| 42 <> 43 |      3 |   291 |
| 43 <> 44 |      3 |   291 |
| 44 <> 45 |      7 |   592 |
| 45 <> 46 |      3 |   291 |
| 46 <> 47 |      3 |   291 |
| 47 <> 48 |      3 |   291 |
| 48 <> 49 |      3 |   291 |
| 49 <> 50 |      7 |   592 |
| 50 <> 51 |      3 |   291 |
| 51 <> 52 |      3 |   291 |
| 52 <> 53 |      3 |   291 |
| 53 <> 54 |      3 |   291 |
| 54 <> 55 |      4 |   357 |
| 55 <> 56 |      9 |   724 |
| 56 <> 57 |      6 |   526 |
| 57 <> 58 |      6 |   526 |
| 58 <> 59 |      3 |   291 |
| 59 <> Dur|      3 |   291 |
=============================
