Running as user "root" and group "root". This could be dangerous.

=============================
| IO Statistics             |
|                           |
| Duration: 58.973140 secs  |
| Interval:  1 secs         |
|                           |
| Col 1: Frames and bytes   |
|---------------------------|
|          |1               |
| Interval | Frames | Bytes |
|---------------------------|
|  0 <>  1 |      9 |  2289 |
|  1 <>  2 |      3 |   291 |
|  2 <>  3 |      7 |   592 |
|  3 <>  4 |      3 |  1089 |
|  4 <>  5 |      4 |   357 |
|  5 <>  6 |      3 |   291 |
|  6 <>  7 |      7 |   592 |
|  7 <>  8 |      2 |   225 |
|  8 <>  9 |     12 |   913 |
|  9 <> 10 |      9 |   636 |
| 10 <> 11 |      2 |   147 |
| 11 <> 12 |      0 |     0 |
| 12 <> 13 |      1 |    70 |
| 13 <> 14 |      3 |   476 |
| 14 <> 15 |      0 |     0 |
| 15 <> 16 |      0 |     0 |
| 16 <> 17 |      2 |   147 |
| 17 <> 18 |      0 |     0 |
| 18 <> 19 |      0 |     0 |
| 19 <> 20 |      1 |    90 |
| 20 <> 21 |      3 |   228 |
| 21 <> 22 |      4 |  1062 |
| 22 <> 23 |      0 |     0 |
| 23 <> 24 |      0 |     0 |
| 24 <> 25 |     32 |  3370 |
| 25 <> 26 |     25 |  2799 |
| 26 <> 27 |      8 |   659 |
| 27 <> 28 |      5 |  1221 |
| 28 <> 29 |      3 |   291 |
| 29 <> 30 |      3 |   291 |
| 30 <> 31 |      3 |   291 |
| 31 <> 32 |      8 |  1456 |
| 32 <> 33 |      4 |   357 |
| 33 <> 34 |      3 |   291 |
| 34 <> 35 |      7 |   592 |
| 35 <> 36 |      4 |   357 |
| 36 <> 37 |      3 |   291 |
| 37 <> 38 |      3 |   291 |
| 38 <> 39 |      3 |   291 |
| 39 <> 40 |      4 |   361 |
| 40 <> 41 |      3 |   291 |
| 41 <> 42 |      3 |   291 |
| 42 <> 43 |      3 |   291 |
| 43 <> 44 |      7 |   592 |
| 44 <> 45 |      4 |   357 |
| 45 <> 46 |      5 |   697 |
| 46 <> 47 |      3 |   291 |
| 47 <> 48 |      3 |   291 |
| 48 <> 49 |      3 |   291 |
| 49 <> 50 |      9 |   732 |
| 50 <> 51 |      4 |   357 |
| 51 <> 52 |      3 |   291 |
| 52 <> 53 |      3 |   291 |
| 53 <> 54 |      3 |   291 |
| 54 <> 55 |      7 |   592 |
| 55 <> 56 |      4 |   357 |
| 56 <> 57 |      3 |   291 |
| 57 <> 58 |      7 |   592 |
| 58 <> Dur|      4 |   357 |
=============================
