Running as user "root" and group "root". This could be dangerous.

=============================
| IO Statistics             |
|                           |
| Duration: 59.540047 secs  |
| Interval:  1 secs         |
|                           |
| Col 1: Frames and bytes   |
|---------------------------|
|          |1               |
| Interval | Frames | Bytes |
|---------------------------|
|  0 <>  1 |     15 |  1362 |
|  1 <>  2 |     14 |  1320 |
|  2 <>  3 |     13 |  1254 |
|  3 <>  4 |     20 |  2558 |
|  4 <>  5 |     16 |  1465 |
|  5 <>  6 |     19 |  2486 |
|  6 <>  7 |     17 |  1537 |
|  7 <>  8 |     19 |  1694 |
|  8 <>  9 |     20 |  1724 |
|  9 <> 10 |     35 |  3581 |
| 10 <> 11 |     20 |  1702 |
| 11 <> 12 |     24 |  1963 |
| 12 <> 13 |     23 |  1919 |
| 13 <> 14 |      6 |   699 |
| 14 <> 15 |      1 |   864 |
| 15 <> 16 |      0 |     0 |
| 16 <> 17 |      0 |     0 |
| 17 <> 18 |      4 |   294 |
| 18 <> 19 |      0 |     0 |
| 19 <> 20 |      0 |     0 |
| 20 <> 21 |      0 |     0 |
| 21 <> 22 |      9 |   621 |
| 22 <> 23 |      8 |   534 |
| 23 <> 24 |      0 |     0 |
| 24 <> 25 |     46 |  4087 |
| 25 <> 26 |    113 | 10397 |
| 26 <> 27 |     14 |  1241 |
| 27 <> 28 |     17 |  1471 |
| 28 <> 29 |     58 |  5530 |
| 29 <> 30 |     12 |  1164 |
| 30 <> 31 |     17 |  1532 |
| 31 <> 32 |     17 |  1531 |
| 32 <> 33 |     20 |  1760 |
| 33 <> 34 |     12 |  1164 |
| 34 <> 35 |     12 |  1164 |
| 35 <> 36 |     32 |  2632 |
| 36 <> 37 |     13 |  1234 |
| 37 <> 38 |     12 |  1164 |
| 38 <> 39 |     12 |  1164 |
| 39 <> 40 |     12 |  1164 |
| 40 <> 41 |     12 |  1164 |
| 41 <> 42 |     23 |  1968 |
| 42 <> 43 |     12 |  1164 |
| 43 <> 44 |     12 |  1164 |
| 44 <> 45 |     22 |  1898 |
| 45 <> 46 |     13 |  1367 |
| 46 <> 47 |     12 |  1164 |
| 47 <> 48 |     22 |  1898 |
| 48 <> 49 |     22 |  1898 |
| 49 <> 50 |     22 |  1898 |
| 50 <> 51 |     20 |  1760 |
| 51 <> 52 |     12 |  1164 |
| 52 <> 53 |     22 |  1898 |
| 53 <> 54 |     12 |  1164 |
| 54 <> 55 |     12 |  1164 |
| 55 <> 56 |     20 |  1760 |
| 56 <> 57 |     12 |  1164 |
| 57 <> 58 |     12 |  1164 |
| 58 <> 59 |     22 |  1898 |
| 59 <> Dur|     12 |  1164 |
=============================
