Running as user "root" and group "root". This could be dangerous.

=============================
| IO Statistics             |
|                           |
| Duration: 59.635706 secs  |
| Interval:  1 secs         |
|                           |
| Col 1: Frames and bytes   |
|---------------------------|
|          |1               |
| Interval | Frames | Bytes |
|---------------------------|
|  0 <>  1 |     17 |  1612 |
|  1 <>  2 |     11 |  1011 |
|  2 <>  3 |     12 |  1164 |
|  3 <>  4 |     17 |  1531 |
|  4 <>  5 |     16 |  1459 |
|  5 <>  6 |     22 |  1892 |
|  6 <>  7 |     15 |  1372 |
|  7 <>  8 |     18 |  1597 |
|  8 <>  9 |     26 |  2153 |
|  9 <> 10 |     25 |  2102 |
| 10 <> 11 |     17 |  1570 |
| 11 <> 12 |     21 |  1969 |
| 12 <> 13 |     19 |  2506 |
| 13 <> 14 |     20 |  2490 |
| 14 <> 15 |     20 |  1658 |
| 15 <> 16 |     14 |  2059 |
| 16 <> 17 |      6 |   604 |
| 17 <> 18 |     13 |  1094 |
| 18 <> 19 |     14 |  1980 |
| 19 <> 20 |      4 |   383 |
| 20 <> 21 |      2 |   219 |
| 21 <> 22 |      4 |   354 |
| 22 <> 23 |      5 |   345 |
| 23 <> 24 |      3 |   198 |
| 24 <> 25 |      0 |     0 |
| 25 <> 26 |     47 |  4339 |
| 26 <> 27 |     49 |  4378 |
| 27 <> 28 |     12 |  1016 |
| 28 <> 29 |     12 |  1016 |
| 29 <> 30 |      9 |   780 |
| 30 <> 31 |      9 |   780 |
| 31 <> 32 |      6 |   582 |
| 32 <> 33 |     57 |  5315 |
| 33 <> 34 |     54 |  5024 |
| 34 <> 35 |     22 |  1899 |
| 35 <> 36 |     22 |  1899 |
| 36 <> 37 |     14 |  1300 |
| 37 <> 38 |     13 |  1230 |
| 38 <> 39 |     12 |  1164 |
| 39 <> 40 |     17 |  1531 |
| 40 <> 41 |     17 |  1531 |
| 41 <> 42 |     18 |  1597 |
| 42 <> 43 |     23 |  1964 |
| 43 <> 44 |     20 |  1866 |
| 44 <> 45 |     17 |  1531 |
| 45 <> 46 |     19 |  1667 |
| 46 <> 47 |     13 |  1230 |
| 47 <> 48 |     14 |  1296 |
| 48 <> 49 |     19 |  1663 |
| 49 <> 50 |     17 |  1531 |
| 50 <> 51 |     12 |  1164 |
| 51 <> 52 |     17 |  1531 |
| 52 <> 53 |     22 |  1898 |
| 53 <> 54 |     17 |  1531 |
| 54 <> 55 |     18 |  1597 |
| 55 <> 56 |     18 |  1597 |
| 56 <> 57 |     17 |  1531 |
| 57 <> 58 |     17 |  1531 |
| 58 <> 59 |     13 |  1230 |
| 59 <> Dur|     18 |  1597 |
=============================
