Running as user "root" and group "root". This could be dangerous.

=============================
| IO Statistics             |
|                           |
| Duration: 59.734811 secs  |
| Interval:  1 secs         |
|                           |
| Col 1: tcp.port==2404     |
|---------------------------|
|          |1               |
| Interval | Frames | Bytes |
|---------------------------|
|  0 <>  1 |     22 |  1898 |
|  1 <>  2 |     12 |  1164 |
|  2 <>  3 |     16 |  1465 |
|  3 <>  4 |     20 |  1766 |
|  4 <>  5 |     17 |  1531 |
|  5 <>  6 |     12 |  1164 |
|  6 <>  7 |     19 |  1654 |
|  7 <>  8 |     20 |  1745 |
|  8 <>  9 |     18 |  1613 |
|  9 <> 10 |     17 |  1531 |
| 10 <> 11 |     21 |  1852 |
| 11 <> 12 |     18 |  1607 |
| 12 <> 13 |     23 |  1974 |
| 13 <> 14 |     26 |  2209 |
| 14 <> 15 |     11 |  1092 |
| 15 <> 16 |     22 |  1906 |
| 16 <> 17 |     11 |  1102 |
| 17 <> 18 |     14 |  1231 |
| 18 <> 19 |     14 |  1262 |
| 19 <> 20 |     10 |   960 |
| 20 <> 21 |     31 |  2830 |
| 21 <> 22 |     16 |  1471 |
| 22 <> 23 |     17 |  1554 |
| 23 <> 24 |     23 |  1959 |
| 24 <> 25 |     10 |   965 |
| 25 <> 26 |     11 |  1030 |
| 26 <> 27 |      9 |   883 |
| 27 <> 28 |     18 |  1535 |
| 28 <> 29 |      8 |   801 |
| 29 <> 30 |     17 |  1453 |
| 30 <> 31 |     12 |  1081 |
| 31 <> 32 |     19 |  1603 |
| 32 <> 33 |      8 |   751 |
| 33 <> 34 |     49 |  4415 |
| 34 <> 35 |      9 |   895 |
| 35 <> 36 |     15 |  1319 |
| 36 <> 37 |      8 |   813 |
| 37 <> 38 |     10 |   960 |
| 38 <> 39 |     17 |  1460 |
| 39 <> 40 |     10 |   948 |
| 40 <> 41 |     11 |   949 |
| 41 <> 42 |     51 |  4547 |
| 42 <> 43 |     11 |  1011 |
| 43 <> 44 |     17 |  1439 |
| 44 <> 45 |      9 |   873 |
| 45 <> 46 |      9 |   873 |
| 46 <> 47 |     41 |  3701 |
| 47 <> 48 |     12 |  1164 |
| 48 <> 49 |     27 |  2266 |
| 49 <> 50 |     12 |  1164 |
| 50 <> 51 |     17 |  1531 |
| 51 <> 52 |     12 |  1164 |
| 52 <> 53 |     12 |  1164 |
| 53 <> 54 |     22 |  1898 |
| 54 <> 55 |     12 |  1164 |
| 55 <> 56 |     22 |  1898 |
| 56 <> 57 |     22 |  1898 |
| 57 <> 58 |     17 |  1531 |
| 58 <> 59 |     17 |  1531 |
| 59 <> Dur|     12 |  1164 |
=============================
