Running as user "root" and group "root". This could be dangerous.

=============================
| IO Statistics             |
|                           |
| Duration: 59.414463 secs  |
| Interval:  1 secs         |
|                           |
| Col 1: tcp.port==2404     |
|---------------------------|
|          |1               |
| Interval | Frames | Bytes |
|---------------------------|
|  0 <>  1 |     12 |  1164 |
|  1 <>  2 |     20 |  1766 |
|  2 <>  3 |     12 |  1164 |
|  3 <>  4 |     12 |  1164 |
|  4 <>  5 |     19 |  1694 |
|  5 <>  6 |     17 |  1537 |
|  6 <>  7 |     20 |  1766 |
|  7 <>  8 |     17 |  1531 |
|  8 <>  9 |     30 |  2448 |
|  9 <> 10 |     33 |  2582 |
| 10 <> 11 |     37 |  2921 |
| 11 <> 12 |      8 |   674 |
| 12 <> 13 |      2 |   147 |
| 13 <> 14 |      8 |   588 |
| 14 <> 15 |      2 |   147 |
| 15 <> 16 |      0 |     0 |
| 16 <> 17 |      4 |   294 |
| 17 <> 18 |      2 |   147 |
| 18 <> 19 |      2 |   147 |
| 19 <> 20 |      0 |     0 |
| 20 <> 21 |      2 |   138 |
| 21 <> 22 |      2 |   138 |
| 22 <> 23 |      3 |   198 |
| 23 <> 24 |      7 |   474 |
| 24 <> 25 |      0 |     0 |
| 25 <> 26 |     56 |  5119 |
| 26 <> 27 |     52 |  4948 |
| 27 <> 28 |     11 |   950 |
| 28 <> 29 |     75 |  7062 |
| 29 <> 30 |     73 |  6892 |
| 30 <> 31 |     15 |  1394 |
| 31 <> 32 |     17 |  1532 |
| 32 <> 33 |     17 |  1531 |
| 33 <> 34 |     22 |  1898 |
| 34 <> 35 |     17 |  1531 |
| 35 <> 36 |     20 |  1760 |
| 36 <> 37 |     25 |  2127 |
| 37 <> 38 |     17 |  1531 |
| 38 <> 39 |     12 |  1164 |
| 39 <> 40 |     17 |  1531 |
| 40 <> 41 |     17 |  1531 |
| 41 <> 42 |     17 |  1531 |
| 42 <> 43 |     17 |  1531 |
| 43 <> 44 |     12 |  1164 |
| 44 <> 45 |     12 |  1164 |
| 45 <> 46 |     15 |  1393 |
| 46 <> 47 |     22 |  1898 |
| 47 <> 48 |     17 |  1531 |
| 48 <> 49 |     12 |  1164 |
| 49 <> 50 |     12 |  1164 |
| 50 <> 51 |     12 |  1164 |
| 51 <> 52 |     12 |  1164 |
| 52 <> 53 |     12 |  1164 |
| 53 <> 54 |     20 |  1760 |
| 54 <> 55 |     22 |  1898 |
| 55 <> 56 |     12 |  1164 |
| 56 <> 57 |     15 |  1393 |
| 57 <> 58 |     22 |  1898 |
| 58 <> 59 |     17 |  1531 |
| 59 <> Dur|      3 |   291 |
=============================
