Running as user "root" and group "root". This could be dangerous.

=============================
| IO Statistics             |
|                           |
| Duration: 59. 30155 secs  |
| Interval:  1 secs         |
|                           |
| Col 1: tcp.port==2404     |
|---------------------------|
|          |1               |
| Interval | Frames | Bytes |
|---------------------------|
|  0 <>  1 |      4 |   444 |
|  1 <>  2 |      6 |   439 |
|  2 <>  3 |      3 |   291 |
|  3 <>  4 |      3 |   291 |
|  4 <>  5 |      6 |   520 |
|  5 <>  6 |      4 |   363 |
|  6 <>  7 |      3 |   291 |
|  7 <>  8 |      3 |   291 |
|  8 <>  9 |      8 |   652 |
|  9 <> 10 |     20 |  1485 |
| 10 <> 11 |      0 |     0 |
| 11 <> 12 |      0 |     0 |
| 12 <> 13 |      0 |     0 |
| 13 <> 14 |      1 |    81 |
| 14 <> 15 |      1 |    66 |
| 15 <> 16 |      0 |     0 |
| 16 <> 17 |      2 |   147 |
| 17 <> 18 |      0 |     0 |
| 18 <> 19 |      0 |     0 |
| 19 <> 20 |      0 |     0 |
| 20 <> 21 |      0 |     0 |
| 21 <> 22 |      0 |     0 |
| 22 <> 23 |      0 |     0 |
| 23 <> 24 |      1 |    72 |
| 24 <> 25 |      1 |    66 |
| 25 <> 26 |      0 |     0 |
| 26 <> 27 |      3 |   198 |
| 27 <> 28 |      0 |     0 |
| 28 <> 29 |      0 |     0 |
| 29 <> 30 |     64 |  6112 |
| 30 <> 31 |      3 |   291 |
| 31 <> 32 |      6 |   521 |
| 32 <> 33 |      3 |   291 |
| 33 <> 34 |      3 |   291 |
| 34 <> 35 |      3 |   291 |
| 35 <> 36 |      3 |   291 |
| 36 <> 37 |      6 |   520 |
| 37 <> 38 |      6 |   520 |
| 38 <> 39 |      3 |   291 |
| 39 <> 40 |      3 |   291 |
| 40 <> 41 |      3 |   291 |
| 41 <> 42 |      3 |   291 |
| 42 <> 43 |      3 |   291 |
| 43 <> 44 |      3 |   291 |
| 44 <> 45 |      3 |   291 |
| 45 <> 46 |      3 |   291 |
| 46 <> 47 |      6 |   520 |
| 47 <> 48 |      3 |   291 |
| 48 <> 49 |      3 |   291 |
| 49 <> 50 |      3 |   291 |
| 50 <> 51 |      3 |   291 |
| 51 <> 52 |      3 |   291 |
| 52 <> 53 |      3 |   291 |
| 53 <> 54 |      3 |   291 |
| 54 <> 55 |      6 |   520 |
| 55 <> 56 |      3 |   291 |
| 56 <> 57 |      3 |   291 |
| 57 <> 58 |      6 |   520 |
| 58 <> 59 |      3 |   291 |
| 59 <> Dur|      3 |   291 |
=============================
