Running as user "root" and group "root". This could be dangerous.

=============================
| IO Statistics             |
|                           |
| Duration: 59.674644 secs  |
| Interval:  1 secs         |
|                           |
| Col 1: Frames and bytes   |
|---------------------------|
|          |1               |
| Interval | Frames | Bytes |
|---------------------------|
|  0 <>  1 |     13 |  1317 |
|  1 <>  2 |     16 |  1378 |
|  2 <>  3 |     19 |  1694 |
|  3 <>  4 |     17 |  1531 |
|  4 <>  5 |     12 |  1164 |
|  5 <>  6 |     16 |  1465 |
|  6 <>  7 |     17 |  1531 |
|  7 <>  8 |     12 |  1164 |
|  8 <>  9 |     19 |  1654 |
|  9 <> 10 |     36 |  2976 |
| 10 <> 11 |     23 |  2075 |
| 11 <> 12 |     29 |  2480 |
| 12 <> 13 |     27 |  2292 |
| 13 <> 14 |      7 |   663 |
| 14 <> 15 |      4 |   366 |
| 15 <> 16 |      0 |     0 |
| 16 <> 17 |      0 |     0 |
| 17 <> 18 |      2 |   147 |
| 18 <> 19 |      2 |   147 |
| 19 <> 20 |      0 |     0 |
| 20 <> 21 |      5 |   336 |
| 21 <> 22 |      2 |   138 |
| 22 <> 23 |      3 |   198 |
| 23 <> 24 |     49 |  4471 |
| 24 <> 25 |      7 |   692 |
| 25 <> 26 |     59 |  5361 |
| 26 <> 27 |     53 |  4828 |
| 27 <> 28 |     65 |  6030 |
| 28 <> 29 |     19 |  1672 |
| 29 <> 30 |     17 |  1532 |
| 30 <> 31 |     17 |  1531 |
| 31 <> 32 |     12 |  1164 |
| 32 <> 33 |     17 |  1531 |
| 33 <> 34 |     22 |  1898 |
| 34 <> 35 |     22 |  1898 |
| 35 <> 36 |     17 |  1531 |
| 36 <> 37 |     22 |  1898 |
| 37 <> 38 |     17 |  1531 |
| 38 <> 39 |     12 |  1164 |
| 39 <> 40 |     17 |  1531 |
| 40 <> 41 |     17 |  1531 |
| 41 <> 42 |     12 |  1164 |
| 42 <> 43 |     17 |  1531 |
| 43 <> 44 |     17 |  1531 |
| 44 <> 45 |     12 |  1164 |
| 45 <> 46 |     12 |  1164 |
| 46 <> 47 |     17 |  1531 |
| 47 <> 48 |     17 |  1531 |
| 48 <> 49 |     12 |  1164 |
| 49 <> 50 |     17 |  1531 |
| 50 <> 51 |     17 |  1531 |
| 51 <> 52 |     12 |  1164 |
| 52 <> 53 |     17 |  1531 |
| 53 <> 54 |     12 |  1164 |
| 54 <> 55 |     12 |  1164 |
| 55 <> 56 |     17 |  1531 |
| 56 <> 57 |     17 |  1531 |
| 57 <> 58 |     17 |  1531 |
| 58 <> 59 |     17 |  1531 |
| 59 <> Dur|     14 |  1240 |
=============================
