Running as user "root" and group "root". This could be dangerous.

=============================
| IO Statistics             |
|                           |
| Duration: 59.264663 secs  |
| Interval:  1 secs         |
|                           |
| Col 1: Frames and bytes   |
|---------------------------|
|          |1               |
| Interval | Frames | Bytes |
|---------------------------|
|  0 <>  1 |      4 |  1155 |
|  1 <>  2 |      5 |   471 |
|  2 <>  3 |      4 |   361 |
|  3 <>  4 |      4 |  1155 |
|  4 <>  5 |      3 |   291 |
|  5 <>  6 |      3 |   291 |
|  6 <>  7 |      8 |  1454 |
|  7 <>  8 |      5 |   697 |
|  8 <>  9 |      3 |   291 |
|  9 <> 10 |      4 |   357 |
| 10 <> 11 |      9 |   724 |
| 11 <> 12 |      7 |  1390 |
| 12 <> 13 |      4 |   357 |
| 13 <> 14 |     10 |   808 |
| 14 <> 15 |      4 |  1155 |
| 15 <> 16 |      3 |   291 |
| 16 <> 17 |      3 |   291 |
| 17 <> 18 |      3 |   291 |
| 18 <> 19 |      3 |   291 |
| 19 <> 20 |      3 |   291 |
| 20 <> 21 |      7 |   592 |
| 21 <> 22 |      3 |   291 |
| 22 <> 23 |      3 |   291 |
| 23 <> 24 |      3 |   291 |
| 24 <> 25 |      3 |   291 |
| 25 <> 26 |      3 |   291 |
| 26 <> 27 |      3 |   291 |
| 27 <> 28 |      3 |   291 |
| 28 <> 29 |      7 |   592 |
| 29 <> 30 |      3 |   291 |
| 30 <> 31 |      3 |   291 |
| 31 <> 32 |      4 |   361 |
| 32 <> 33 |      7 |   592 |
| 33 <> 34 |      7 |   592 |
| 34 <> 35 |      3 |   291 |
| 35 <> 36 |      7 |   592 |
| 36 <> 37 |      3 |   291 |
| 37 <> 38 |      3 |   291 |
| 38 <> 39 |      3 |   291 |
| 39 <> 40 |      9 |   998 |
| 40 <> 41 |     12 |   945 |
| 41 <> 42 |      4 |   383 |
| 42 <> 43 |      4 |   371 |
| 43 <> 44 |      2 |   219 |
| 44 <> 45 |      3 |   301 |
| 45 <> 46 |      4 |   366 |
| 46 <> 47 |      2 |   219 |
| 47 <> 48 |      3 |   301 |
| 48 <> 49 |      4 |   366 |
| 49 <> 50 |      2 |   219 |
| 50 <> 51 |      2 |   219 |
| 51 <> 52 |      2 |   207 |
| 52 <> 53 |      0 |     0 |
| 53 <> 54 |      0 |     0 |
| 54 <> 55 |      0 |     0 |
| 55 <> 56 |      5 |   336 |
| 56 <> 57 |      0 |     0 |
| 57 <> 58 |      0 |     0 |
| 58 <> 59 |     28 |  2527 |
| 59 <> Dur|      3 |   291 |
=============================
