Running as user "root" and group "root". This could be dangerous.

=============================
| IO Statistics             |
|                           |
| Duration: 59.615420 secs  |
| Interval:  1 secs         |
|                           |
| Col 1: tcp.port==2404     |
|---------------------------|
|          |1               |
| Interval | Frames | Bytes |
|---------------------------|
|  0 <>  1 |     12 |  1164 |
|  1 <>  2 |     15 |  1393 |
|  2 <>  3 |     15 |  1393 |
|  3 <>  4 |     20 |  1760 |
|  4 <>  5 |     12 |  1164 |
|  5 <>  6 |     12 |  1164 |
|  6 <>  7 |     20 |  1760 |
|  7 <>  8 |     15 |  1393 |
|  8 <>  9 |     22 |  1883 |
|  9 <> 10 |     19 |  1664 |
| 10 <> 11 |     18 |  1597 |
| 11 <> 12 |     20 |  1767 |
| 12 <> 13 |     20 |  1744 |
| 13 <> 14 |     22 |  1927 |
| 14 <> 15 |     25 |  2223 |
| 15 <> 16 |     13 |  1240 |
| 16 <> 17 |     14 |  1321 |
| 17 <> 18 |     11 |  1092 |
| 18 <> 19 |     16 |  1459 |
| 19 <> 20 |     18 |  1582 |
| 20 <> 21 |     19 |  1719 |
| 21 <> 22 |     11 |  1030 |
| 22 <> 23 |     10 |   939 |
| 23 <> 24 |     12 |  1081 |
| 24 <> 25 |      8 |   801 |
| 25 <> 26 |      8 |   801 |
| 26 <> 27 |     42 |  3684 |
| 27 <> 28 |     11 |  1092 |
| 28 <> 29 |     20 |  1761 |
| 29 <> 30 |     18 |  1606 |
| 30 <> 31 |     22 |  1882 |
| 31 <> 32 |     11 |  1021 |
| 32 <> 33 |     13 |  1184 |
| 33 <> 34 |     20 |  1698 |
| 34 <> 35 |     11 |   999 |
| 35 <> 36 |     12 |  1102 |
| 36 <> 37 |      8 |   801 |
| 37 <> 38 |     46 |  4041 |
| 38 <> 39 |     11 |  1092 |
| 39 <> 40 |     22 |  1908 |
| 40 <> 41 |     18 |  1582 |
| 41 <> 42 |     14 |  1336 |
| 42 <> 43 |      9 |   883 |
| 43 <> 44 |     12 |  1071 |
| 44 <> 45 |     14 |  1250 |
| 45 <> 46 |     10 |   948 |
| 46 <> 47 |     36 |  3179 |
| 47 <> 48 |     12 |  1174 |
| 48 <> 49 |     18 |  1607 |
| 49 <> 50 |     11 |  1092 |
| 50 <> 51 |     16 |  1459 |
| 51 <> 52 |     11 |  1080 |
| 52 <> 53 |      9 |   873 |
| 53 <> 54 |     14 |  1240 |
| 54 <> 55 |     14 |  1240 |
| 55 <> 56 |     19 |  1576 |
| 56 <> 57 |     14 |  1240 |
| 57 <> 58 |      9 |   873 |
| 58 <> 59 |     47 |  4134 |
| 59 <> Dur|     12 |  1164 |
=============================
