Running as user "root" and group "root". This could be dangerous.

=============================
| IO Statistics             |
|                           |
| Duration: 59.294835 secs  |
| Interval:  1 secs         |
|                           |
| Col 1: tcp.port==2404     |
|---------------------------|
|          |1               |
| Interval | Frames | Bytes |
|---------------------------|
|  0 <>  1 |     19 |  1694 |
|  1 <>  2 |     19 |  1694 |
|  2 <>  3 |     12 |  1164 |
|  3 <>  4 |     12 |  1164 |
|  4 <>  5 |     15 |  1393 |
|  5 <>  6 |     12 |  1164 |
|  6 <>  7 |     19 |  1694 |
|  7 <>  8 |     15 |  1393 |
|  8 <>  9 |     20 |  1736 |
|  9 <> 10 |     44 |  3480 |
| 10 <> 11 |     27 |  2134 |
| 11 <> 12 |      8 |   749 |
| 12 <> 13 |      0 |     0 |
| 13 <> 14 |      0 |     0 |
| 14 <> 15 |      6 |   441 |
| 15 <> 16 |      0 |     0 |
| 16 <> 17 |      2 |   147 |
| 17 <> 18 |      6 |   441 |
| 18 <> 19 |      2 |   147 |
| 19 <> 20 |      2 |   138 |
| 20 <> 21 |      0 |     0 |
| 21 <> 22 |      0 |     0 |
| 22 <> 23 |      6 |   396 |
| 23 <> 24 |      3 |   198 |
| 24 <> 25 |      3 |   198 |
| 25 <> 26 |    102 |  9392 |
| 26 <> 27 |     66 |  6151 |
| 27 <> 28 |     76 |  7073 |
| 28 <> 29 |     17 |  1532 |
| 29 <> 30 |     17 |  1532 |
| 30 <> 31 |     12 |  1164 |
| 31 <> 32 |     12 |  1164 |
| 32 <> 33 |     19 |  1694 |
| 33 <> 34 |     18 |  1597 |
| 34 <> 35 |     18 |  1597 |
| 35 <> 36 |     12 |  1164 |
| 36 <> 37 |     17 |  1531 |
| 37 <> 38 |     18 |  1597 |
| 38 <> 39 |     28 |  2331 |
| 39 <> 40 |     16 |  1459 |
| 40 <> 41 |     18 |  1597 |
| 41 <> 42 |     13 |  1230 |
| 42 <> 43 |     18 |  1597 |
| 43 <> 44 |     22 |  1898 |
| 44 <> 45 |     13 |  1230 |
| 45 <> 46 |     18 |  1597 |
| 46 <> 47 |     12 |  1164 |
| 47 <> 48 |     22 |  1898 |
| 48 <> 49 |     17 |  1531 |
| 49 <> 50 |     13 |  1230 |
| 50 <> 51 |     18 |  1597 |
| 51 <> 52 |     18 |  1597 |
| 52 <> 53 |     18 |  1597 |
| 53 <> 54 |     14 |  1296 |
| 54 <> 55 |     18 |  1597 |
| 55 <> 56 |     16 |  1465 |
| 56 <> 57 |     15 |  1393 |
| 57 <> 58 |     13 |  1230 |
| 58 <> 59 |     18 |  1597 |
| 59 <> Dur|     11 |   949 |
=============================
