Running as user "root" and group "root". This could be dangerous.

=============================
| IO Statistics             |
|                           |
| Duration: 58.224042 secs  |
| Interval:  1 secs         |
|                           |
| Col 1: Frames and bytes   |
|---------------------------|
|          |1               |
| Interval | Frames | Bytes |
|---------------------------|
|  0 <>  1 |      7 |   592 |
|  1 <>  2 |      3 |   291 |
|  2 <>  3 |      5 |   431 |
|  3 <>  4 |      3 |   291 |
|  4 <>  5 |      3 |   291 |
|  5 <>  6 |      6 |   520 |
|  6 <>  7 |      6 |   769 |
|  7 <>  8 |      4 |   361 |
|  8 <>  9 |      7 |   592 |
|  9 <> 10 |     12 |   931 |
| 10 <> 11 |      6 |   501 |
| 11 <> 12 |      2 |   219 |
| 12 <> 13 |      0 |     0 |
| 13 <> 14 |      0 |     0 |
| 14 <> 15 |      2 |   147 |
| 15 <> 16 |      0 |     0 |
| 16 <> 17 |      0 |     0 |
| 17 <> 18 |      2 |   147 |
| 18 <> 19 |      3 |  1044 |
| 19 <> 20 |      0 |     0 |
| 20 <> 21 |      0 |     0 |
| 21 <> 22 |      1 |   864 |
| 22 <> 23 |      3 |   198 |
| 23 <> 24 |      1 |   864 |
| 24 <> 25 |      0 |     0 |
| 25 <> 26 |     51 |  4696 |
| 26 <> 27 |      3 |   291 |
| 27 <> 28 |      8 |  1457 |
| 28 <> 29 |      3 |   291 |
| 29 <> 30 |      3 |   291 |
| 30 <> 31 |      3 |   291 |
| 31 <> 32 |      3 |   291 |
| 32 <> 33 |      7 |   592 |
| 33 <> 34 |      4 |   361 |
| 34 <> 35 |      4 |   361 |
| 35 <> 36 |      5 |  1245 |
| 36 <> 37 |      7 |  2973 |
| 37 <> 38 |      3 |   291 |
| 38 <> 39 |      9 |   998 |
| 39 <> 40 |      3 |   291 |
| 40 <> 41 |      3 |   291 |
| 41 <> 42 |      3 |   291 |
| 42 <> 43 |      3 |   291 |
| 43 <> 44 |      7 |   592 |
| 44 <> 45 |      3 |   291 |
| 45 <> 46 |      3 |   291 |
| 46 <> 47 |      3 |   291 |
| 47 <> 48 |      3 |   291 |
| 48 <> 49 |      3 |   291 |
| 49 <> 50 |      4 |   361 |
| 50 <> 51 |      3 |   291 |
| 51 <> 52 |      3 |   291 |
| 52 <> 53 |      7 |   592 |
| 53 <> 54 |      3 |   291 |
| 54 <> 55 |      3 |   291 |
| 55 <> 56 |      7 |   592 |
| 56 <> 57 |      3 |   291 |
| 57 <> 58 |      3 |   291 |
| 58 <> Dur|      3 |   291 |
=============================
