Running as user "root" and group "root". This could be dangerous.

=============================
| IO Statistics             |
|                           |
| Duration: 59.581911 secs  |
| Interval:  1 secs         |
|                           |
| Col 1: tcp.port==2404     |
|---------------------------|
|          |1               |
| Interval | Frames | Bytes |
|---------------------------|
|  0 <>  1 |     19 |  1694 |
|  1 <>  2 |     20 |  1760 |
|  2 <>  3 |     13 |  1230 |
|  3 <>  4 |     16 |  1459 |
|  4 <>  5 |     17 |  1531 |
|  5 <>  6 |     13 |  1230 |
|  6 <>  7 |     13 |  1230 |
|  7 <>  8 |     14 |  1296 |
|  8 <>  9 |     21 |  1786 |
|  9 <> 10 |     32 |  2581 |
| 10 <> 11 |     27 |  2255 |
| 11 <> 12 |     13 |  1098 |
| 12 <> 13 |     15 |  1158 |
| 13 <> 14 |     13 |  1053 |
| 14 <> 15 |      5 |   447 |
| 15 <> 16 |      5 |   360 |
| 16 <> 17 |      2 |   147 |
| 17 <> 18 |      0 |     0 |
| 18 <> 19 |      0 |     0 |
| 19 <> 20 |      0 |     0 |
| 20 <> 21 |      0 |     0 |
| 21 <> 22 |      6 |   396 |
| 22 <> 23 |      0 |     0 |
| 23 <> 24 |      0 |     0 |
| 24 <> 25 |    108 |  9881 |
| 25 <> 26 |     16 |  1254 |
| 26 <> 27 |     14 |  1180 |
| 27 <> 28 |      6 |   582 |
| 28 <> 29 |    110 | 10292 |
| 29 <> 30 |     12 |  1164 |
| 30 <> 31 |     22 |  1900 |
| 31 <> 32 |     20 |  1760 |
| 32 <> 33 |     12 |  1164 |
| 33 <> 34 |     12 |  1164 |
| 34 <> 35 |     13 |  1230 |
| 35 <> 36 |     23 |  1964 |
| 36 <> 37 |     12 |  1164 |
| 37 <> 38 |     12 |  1164 |
| 38 <> 39 |     13 |  1230 |
| 39 <> 40 |     13 |  1230 |
| 40 <> 41 |     21 |  1826 |
| 41 <> 42 |     12 |  1164 |
| 42 <> 43 |     18 |  1622 |
| 43 <> 44 |     22 |  1898 |
| 44 <> 45 |     13 |  1230 |
| 45 <> 46 |     13 |  1230 |
| 46 <> 47 |     12 |  1164 |
| 47 <> 48 |     12 |  1164 |
| 48 <> 49 |     13 |  1230 |
| 49 <> 50 |     22 |  1898 |
| 50 <> 51 |     12 |  1164 |
| 51 <> 52 |     12 |  1164 |
| 52 <> 53 |     22 |  1898 |
| 53 <> 54 |     12 |  1164 |
| 54 <> 55 |     21 |  1832 |
| 55 <> 56 |     12 |  1164 |
| 56 <> 57 |     12 |  1164 |
| 57 <> 58 |     12 |  1164 |
| 58 <> 59 |     12 |  1164 |
| 59 <> Dur|     19 |  1607 |
=============================
