Running as user "root" and group "root". This could be dangerous.

=============================
| IO Statistics             |
|                           |
| Duration: 59.793707 secs  |
| Interval:  1 secs         |
|                           |
| Col 1: tcp.port==2404     |
|---------------------------|
|          |1               |
| Interval | Frames | Bytes |
|---------------------------|
|  0 <>  1 |     12 |  1164 |
|  1 <>  2 |     12 |  1164 |
|  2 <>  3 |     12 |  1164 |
|  3 <>  4 |     12 |  1164 |
|  4 <>  5 |     12 |  1164 |
|  5 <>  6 |     12 |  1164 |
|  6 <>  7 |     22 |  1898 |
|  7 <>  8 |     17 |  1531 |
|  8 <>  9 |     24 |  2021 |
|  9 <> 10 |     40 |  3215 |
| 10 <> 11 |     39 |  3087 |
| 11 <> 12 |     34 |  2711 |
| 12 <> 13 |     28 |  2156 |
| 13 <> 14 |     25 |  1988 |
| 14 <> 15 |     30 |  2285 |
| 15 <> 16 |     29 |  2204 |
| 16 <> 17 |      3 |   198 |
| 17 <> 18 |      0 |     0 |
| 18 <> 19 |      0 |     0 |
| 19 <> 20 |      2 |   138 |
| 20 <> 21 |      0 |     0 |
| 21 <> 22 |      3 |   198 |
| 22 <> 23 |      3 |   198 |
| 23 <> 24 |      5 |   345 |
| 24 <> 25 |     47 |  4432 |
| 25 <> 26 |     53 |  4927 |
| 26 <> 27 |     47 |  4470 |
| 27 <> 28 |     14 |  1241 |
| 28 <> 29 |     16 |  1373 |
| 29 <> 30 |      9 |   873 |
| 30 <> 31 |      9 |   873 |
| 31 <> 32 |     61 |  5858 |
| 32 <> 33 |     22 |  1898 |
| 33 <> 34 |     26 |  2200 |
| 34 <> 35 |     12 |  1164 |
| 35 <> 36 |     12 |  1164 |
| 36 <> 37 |     12 |  1164 |
| 37 <> 38 |     12 |  1164 |
| 38 <> 39 |     21 |  1832 |
| 39 <> 40 |     12 |  1164 |
| 40 <> 41 |     12 |  1164 |
| 41 <> 42 |     17 |  1531 |
| 42 <> 43 |     17 |  1531 |
| 43 <> 44 |     12 |  1164 |
| 44 <> 45 |     21 |  1832 |
| 45 <> 46 |     12 |  1164 |
| 46 <> 47 |     21 |  1832 |
| 47 <> 48 |     12 |  1164 |
| 48 <> 49 |     12 |  1164 |
| 49 <> 50 |     21 |  1832 |
| 50 <> 51 |     26 |  2199 |
| 51 <> 52 |     17 |  1531 |
| 52 <> 53 |     12 |  1164 |
| 53 <> 54 |     12 |  1164 |
| 54 <> 55 |     21 |  1832 |
| 55 <> 56 |     17 |  1531 |
| 56 <> 57 |     17 |  1531 |
| 57 <> 58 |     12 |  1164 |
| 58 <> 59 |     12 |  1164 |
| 59 <> Dur|     12 |  1164 |
=============================
