Running as user "root" and group "root". This could be dangerous.

=============================
| IO Statistics             |
|                           |
| Duration: 59.557926 secs  |
| Interval:  1 secs         |
|                           |
| Col 1: tcp.port==2404     |
|---------------------------|
|          |1               |
| Interval | Frames | Bytes |
|---------------------------|
|  0 <>  1 |     26 |  2199 |
|  1 <>  2 |     17 |  1531 |
|  2 <>  3 |     22 |  1898 |
|  3 <>  4 |     12 |  1164 |
|  4 <>  5 |     17 |  1531 |
|  5 <>  6 |     16 |  1465 |
|  6 <>  7 |     12 |  1164 |
|  7 <>  8 |     21 |  1832 |
|  8 <>  9 |     24 |  2022 |
|  9 <> 10 |     33 |  2702 |
| 10 <> 11 |     37 |  2955 |
| 11 <> 12 |     28 |  2274 |
| 12 <> 13 |     30 |  2300 |
| 13 <> 14 |     31 |  2374 |
| 14 <> 15 |     22 |  1689 |
| 15 <> 16 |     16 |  1225 |
| 16 <> 17 |      0 |     0 |
| 17 <> 18 |      4 |   294 |
| 18 <> 19 |      0 |     0 |
| 19 <> 20 |      0 |     0 |
| 20 <> 21 |      3 |   198 |
| 21 <> 22 |      0 |     0 |
| 22 <> 23 |      5 |   336 |
| 23 <> 24 |     47 |  4246 |
| 24 <> 25 |      5 |   429 |
| 25 <> 26 |     59 |  5448 |
| 26 <> 27 |     47 |  4525 |
| 27 <> 28 |     14 |  1241 |
| 28 <> 29 |     14 |  1241 |
| 29 <> 30 |     54 |  5173 |
| 30 <> 31 |     17 |  1531 |
| 31 <> 32 |     16 |  1466 |
| 32 <> 33 |     17 |  1531 |
| 33 <> 34 |     17 |  1531 |
| 34 <> 35 |     12 |  1164 |
| 35 <> 36 |     17 |  1531 |
| 36 <> 37 |     21 |  1832 |
| 37 <> 38 |     17 |  1531 |
| 38 <> 39 |     12 |  1164 |
| 39 <> 40 |     17 |  1531 |
| 40 <> 41 |     17 |  1531 |
| 41 <> 42 |     16 |  1465 |
| 42 <> 43 |     12 |  1164 |
| 43 <> 44 |     12 |  1164 |
| 44 <> 45 |     17 |  1531 |
| 45 <> 46 |     17 |  1531 |
| 46 <> 47 |     12 |  1164 |
| 47 <> 48 |     12 |  1164 |
| 48 <> 49 |     12 |  1164 |
| 49 <> 50 |     17 |  1531 |
| 50 <> 51 |     16 |  1465 |
| 51 <> 52 |     22 |  1898 |
| 52 <> 53 |     16 |  1465 |
| 53 <> 54 |     17 |  1531 |
| 54 <> 55 |     17 |  1531 |
| 55 <> 56 |     12 |  1164 |
| 56 <> 57 |     17 |  1531 |
| 57 <> 58 |     12 |  1164 |
| 58 <> 59 |     16 |  1465 |
| 59 <> Dur|     14 |  1240 |
=============================
