Running as user "root" and group "root". This could be dangerous.

=============================
| IO Statistics             |
|                           |
| Duration: 59.619533 secs  |
| Interval:  1 secs         |
|                           |
| Col 1: Frames and bytes   |
|---------------------------|
|          |1               |
| Interval | Frames | Bytes |
|---------------------------|
|  0 <>  1 |     16 |  1652 |
|  1 <>  2 |     14 |  1240 |
|  2 <>  3 |     18 |  1601 |
|  3 <>  4 |     20 |  1766 |
|  4 <>  5 |     18 |  1622 |
|  5 <>  6 |     17 |  1531 |
|  6 <>  7 |     16 |  1459 |
|  7 <>  8 |     12 |  1164 |
|  8 <>  9 |     24 |  2021 |
|  9 <> 10 |     26 |  2077 |
| 10 <> 11 |     28 |  2271 |
| 11 <> 12 |     22 |  1764 |
| 12 <> 13 |      4 |   366 |
| 13 <> 14 |      2 |   147 |
| 14 <> 15 |      2 |   147 |
| 15 <> 16 |      2 |   147 |
| 16 <> 17 |      0 |     0 |
| 17 <> 18 |      2 |   147 |
| 18 <> 19 |      2 |   147 |
| 19 <> 20 |      0 |     0 |
| 20 <> 21 |     10 |   672 |
| 21 <> 22 |      0 |     0 |
| 22 <> 23 |      2 |   138 |
| 23 <> 24 |    100 |  8981 |
| 24 <> 25 |      6 |   582 |
| 25 <> 26 |     19 |  1516 |
| 26 <> 27 |     51 |  4882 |
| 27 <> 28 |      9 |   873 |
| 28 <> 29 |     80 |  7485 |
| 29 <> 30 |     12 |  1164 |
| 30 <> 31 |     27 |  2266 |
| 31 <> 32 |     13 |  1230 |
| 32 <> 33 |     24 |  2167 |
| 33 <> 34 |     17 |  1531 |
| 34 <> 35 |     12 |  1164 |
| 35 <> 36 |     17 |  1531 |
| 36 <> 37 |     12 |  1164 |
| 37 <> 38 |     18 |  1601 |
| 38 <> 39 |     17 |  1531 |
| 39 <> 40 |     12 |  1164 |
| 40 <> 41 |     12 |  1164 |
| 41 <> 42 |     23 |  1968 |
| 42 <> 43 |     17 |  1531 |
| 43 <> 44 |     18 |  1597 |
| 44 <> 45 |     18 |  1597 |
| 45 <> 46 |     23 |  1964 |
| 46 <> 47 |     12 |  1164 |
| 47 <> 48 |     17 |  1531 |
| 48 <> 49 |     13 |  1230 |
| 49 <> 50 |     13 |  1230 |
| 50 <> 51 |     12 |  1164 |
| 51 <> 52 |     17 |  1531 |
| 52 <> 53 |     17 |  1531 |
| 53 <> 54 |     17 |  1531 |
| 54 <> 55 |     17 |  1531 |
| 55 <> 56 |     17 |  1531 |
| 56 <> 57 |     17 |  1531 |
| 57 <> 58 |     22 |  1898 |
| 58 <> 59 |     12 |  1164 |
| 59 <> Dur|      9 |   873 |
=============================
