Running as user "root" and group "root". This could be dangerous.

=============================
| IO Statistics             |
|                           |
| Duration: 59.102844 secs  |
| Interval:  1 secs         |
|                           |
| Col 1: Frames and bytes   |
|---------------------------|
|          |1               |
| Interval | Frames | Bytes |
|---------------------------|
|  0 <>  1 |      4 |   444 |
|  1 <>  2 |      2 |   138 |
|  2 <>  3 |      3 |   291 |
|  3 <>  4 |      3 |   291 |
|  4 <>  5 |      3 |   291 |
|  5 <>  6 |      8 |   658 |
|  6 <>  7 |      4 |   357 |
|  7 <>  8 |      4 |   357 |
|  8 <>  9 |      4 |   357 |
|  9 <> 10 |      4 |   357 |
| 10 <> 11 |      4 |   361 |
| 11 <> 12 |     11 |   860 |
| 12 <> 13 |     13 |   997 |
| 13 <> 14 |      3 |   347 |
| 14 <> 15 |      3 |   422 |
| 15 <> 16 |      1 |    70 |
| 16 <> 17 |      0 |     0 |
| 17 <> 18 |      0 |     0 |
| 18 <> 19 |      2 |   147 |
| 19 <> 20 |      0 |     0 |
| 20 <> 21 |      3 |  1044 |
| 21 <> 22 |      0 |     0 |
| 22 <> 23 |      3 |  1011 |
| 23 <> 24 |      0 |     0 |
| 24 <> 25 |      0 |     0 |
| 25 <> 26 |      0 |     0 |
| 26 <> 27 |      0 |     0 |
| 27 <> 28 |      1 |   864 |
| 28 <> 29 |      2 |   138 |
| 29 <> 30 |      0 |     0 |
| 30 <> 31 |      1 |   864 |
| 31 <> 32 |      3 |   198 |
| 32 <> 33 |      0 |     0 |
| 33 <> 34 |      0 |     0 |
| 34 <> 35 |     60 |  5848 |
| 35 <> 36 |      3 |   291 |
| 36 <> 37 |      7 |   593 |
| 37 <> 38 |      3 |   291 |
| 38 <> 39 |      3 |   291 |
| 39 <> 40 |      3 |   291 |
| 40 <> 41 |      4 |   361 |
| 41 <> 42 |      9 |   752 |
| 42 <> 43 |      7 |  2973 |
| 43 <> 44 |      4 |  1155 |
| 44 <> 45 |      3 |   291 |
| 45 <> 46 |      4 |   494 |
| 46 <> 47 |      8 |   795 |
| 47 <> 48 |      3 |   291 |
| 48 <> 49 |      3 |   291 |
| 49 <> 50 |      7 |   592 |
| 50 <> 51 |      7 |   592 |
| 51 <> 52 |      3 |   291 |
| 52 <> 53 |      3 |   291 |
| 53 <> 54 |      3 |   291 |
| 54 <> 55 |      4 |   361 |
| 55 <> 56 |      3 |   291 |
| 56 <> 57 |      7 |   592 |
| 57 <> 58 |      7 |   592 |
| 58 <> 59 |      3 |   291 |
| 59 <> Dur|      3 |   291 |
=============================
