Running as user "root" and group "root". This could be dangerous.

=============================
| IO Statistics             |
|                           |
| Duration: 59.609512 secs  |
| Interval:  1 secs         |
|                           |
| Col 1: Frames and bytes   |
|---------------------------|
|          |1               |
| Interval | Frames | Bytes |
|---------------------------|
|  0 <>  1 |     24 |  2030 |
|  1 <>  2 |     12 |  1164 |
|  2 <>  3 |     12 |  1164 |
|  3 <>  4 |     12 |  1164 |
|  4 <>  5 |     23 |  2063 |
|  5 <>  6 |     14 |  1296 |
|  6 <>  7 |     21 |  1832 |
|  7 <>  8 |     13 |  1230 |
|  8 <>  9 |     34 |  2756 |
|  9 <> 10 |     22 |  1791 |
| 10 <> 11 |     34 |  2592 |
| 11 <> 12 |     12 |  1050 |
| 12 <> 13 |     20 |  1610 |
| 13 <> 14 |      8 |  1594 |
| 14 <> 15 |      4 |   294 |
| 15 <> 16 |      0 |     0 |
| 16 <> 17 |      1 |   864 |
| 17 <> 18 |      4 |   294 |
| 18 <> 19 |      0 |     0 |
| 19 <> 20 |      1 |   864 |
| 20 <> 21 |      0 |     0 |
| 21 <> 22 |     12 |  1605 |
| 22 <> 23 |      0 |     0 |
| 23 <> 24 |      0 |     0 |
| 24 <> 25 |    144 | 13458 |
| 25 <> 26 |     23 |  1851 |
| 26 <> 27 |     23 |  1911 |
| 27 <> 28 |     11 |  1011 |
| 28 <> 29 |      9 |   873 |
| 29 <> 30 |      9 |   873 |
| 30 <> 31 |     12 |  1071 |
| 31 <> 32 |     23 |  1908 |
| 32 <> 33 |      9 |   873 |
| 33 <> 34 |     69 |  6721 |
| 34 <> 35 |     12 |  1164 |
| 35 <> 36 |     16 |  1466 |
| 36 <> 37 |     18 |  1628 |
| 37 <> 38 |     13 |  1230 |
| 38 <> 39 |     12 |  1164 |
| 39 <> 40 |     12 |  1164 |
| 40 <> 41 |     21 |  1832 |
| 41 <> 42 |     19 |  1694 |
| 42 <> 43 |     12 |  1164 |
| 43 <> 44 |     12 |  1164 |
| 44 <> 45 |     12 |  1164 |
| 45 <> 46 |     23 |  2105 |
| 46 <> 47 |     19 |  1694 |
| 47 <> 48 |     12 |  1164 |
| 48 <> 49 |     21 |  1832 |
| 49 <> 50 |     22 |  1902 |
| 50 <> 51 |     13 |  1230 |
| 51 <> 52 |     13 |  1230 |
| 52 <> 53 |     19 |  1694 |
| 53 <> 54 |     14 |  1296 |
| 54 <> 55 |     13 |  1230 |
| 55 <> 56 |     21 |  1832 |
| 56 <> 57 |     21 |  1832 |
| 57 <> 58 |     12 |  1164 |
| 58 <> 59 |     19 |  1694 |
| 59 <> Dur|     13 |  1174 |
=============================
