Running as user "root" and group "root". This could be dangerous.

=============================
| IO Statistics             |
|                           |
| Duration: 59.658669 secs  |
| Interval:  1 secs         |
|                           |
| Col 1: tcp.port==2404     |
|---------------------------|
|          |1               |
| Interval | Frames | Bytes |
|---------------------------|
|  0 <>  1 |     13 |  1230 |
|  1 <>  2 |     12 |  1164 |
|  2 <>  3 |     15 |  1393 |
|  3 <>  4 |     16 |  1465 |
|  4 <>  5 |     15 |  1393 |
|  5 <>  6 |     16 |  1465 |
|  6 <>  7 |     15 |  1393 |
|  7 <>  8 |     18 |  1628 |
|  8 <>  9 |     25 |  2102 |
|  9 <> 10 |     30 |  2479 |
| 10 <> 11 |     23 |  1979 |
| 11 <> 12 |     19 |  1685 |
| 12 <> 13 |     28 |  2308 |
| 13 <> 14 |     10 |   961 |
| 14 <> 15 |      9 |   895 |
| 15 <> 16 |     16 |  1385 |
| 16 <> 17 |     14 |  1260 |
| 17 <> 18 |     15 |  1353 |
| 18 <> 19 |      8 |   729 |
| 19 <> 20 |     18 |  1472 |
| 20 <> 21 |      5 |   536 |
| 21 <> 22 |      4 |   379 |
| 22 <> 23 |      2 |   219 |
| 23 <> 24 |      0 |     0 |
| 24 <> 25 |      6 |   396 |
| 25 <> 26 |      0 |     0 |
| 26 <> 27 |      5 |   345 |
| 27 <> 28 |     99 |  9008 |
| 28 <> 29 |      8 |   729 |
| 29 <> 30 |     56 |  4838 |
| 30 <> 31 |     12 |  1071 |
| 31 <> 32 |     14 |  1241 |
| 32 <> 33 |      9 |   873 |
| 33 <> 34 |     60 |  5308 |
| 34 <> 35 |     22 |  1898 |
| 35 <> 36 |     17 |  1532 |
| 36 <> 37 |     17 |  1531 |
| 37 <> 38 |     22 |  1898 |
| 38 <> 39 |     17 |  1531 |
| 39 <> 40 |     17 |  1531 |
| 40 <> 41 |     22 |  1898 |
| 41 <> 42 |     12 |  1164 |
| 42 <> 43 |     12 |  1164 |
| 43 <> 44 |     22 |  1898 |
| 44 <> 45 |     12 |  1164 |
| 45 <> 46 |     22 |  1898 |
| 46 <> 47 |     12 |  1164 |
| 47 <> 48 |     12 |  1164 |
| 48 <> 49 |     12 |  1164 |
| 49 <> 50 |     20 |  1760 |
| 50 <> 51 |     14 |  1302 |
| 51 <> 52 |     12 |  1164 |
| 52 <> 53 |     32 |  2632 |
| 53 <> 54 |     22 |  1898 |
| 54 <> 55 |     12 |  1164 |
| 55 <> 56 |     12 |  1164 |
| 56 <> 57 |     12 |  1164 |
| 57 <> 58 |     12 |  1164 |
| 58 <> 59 |     32 |  2632 |
| 59 <> Dur|     19 |  1607 |
=============================
