Running as user "root" and group "root". This could be dangerous.

=============================
| IO Statistics             |
|                           |
| Duration: 58. 10083 secs  |
| Interval:  1 secs         |
|                           |
| Col 1: Frames and bytes   |
|---------------------------|
|          |1               |
| Interval | Frames | Bytes |
|---------------------------|
|  0 <>  1 |      5 |  1308 |
|  1 <>  2 |      8 |   658 |
|  2 <>  3 |      6 |  2046 |
|  3 <>  4 |      3 |   291 |
|  4 <>  5 |      4 |   361 |
|  5 <>  6 |      3 |   291 |
|  6 <>  7 |      4 |  1155 |
|  7 <>  8 |      5 |   697 |
|  8 <>  9 |     10 |   798 |
|  9 <> 10 |      3 |   291 |
| 10 <> 11 |      3 |   291 |
| 11 <> 12 |      4 |  1155 |
| 12 <> 13 |      3 |   291 |
| 13 <> 14 |      3 |   291 |
| 14 <> 15 |      3 |   291 |
| 15 <> 16 |      3 |   291 |
| 16 <> 17 |      9 |  1522 |
| 17 <> 18 |      3 |   291 |
| 18 <> 19 |      8 |   658 |
| 19 <> 20 |      3 |   291 |
| 20 <> 21 |      3 |   291 |
| 21 <> 22 |      3 |   291 |
| 22 <> 23 |      3 |   291 |
| 23 <> 24 |      3 |   291 |
| 24 <> 25 |      3 |   291 |
| 25 <> 26 |      3 |   291 |
| 26 <> 27 |      3 |   291 |
| 27 <> 28 |      8 |   658 |
| 28 <> 29 |      3 |   291 |
| 29 <> 30 |      3 |   291 |
| 30 <> 31 |      3 |   291 |
| 31 <> 32 |      3 |   291 |
| 32 <> 33 |      3 |   291 |
| 33 <> 34 |      9 |   728 |
| 34 <> 35 |      8 |   658 |
| 35 <> 36 |      3 |   291 |
| 36 <> 37 |      3 |   291 |
| 37 <> 38 |      3 |   291 |
| 38 <> 39 |      8 |   658 |
| 39 <> 40 |      5 |   697 |
| 40 <> 41 |      3 |   291 |
| 41 <> 42 |      3 |   291 |
| 42 <> 43 |      8 |   658 |
| 43 <> 44 |      8 |   658 |
| 44 <> 45 |      3 |   291 |
| 45 <> 46 |      3 |   291 |
| 46 <> 47 |      3 |   291 |
| 47 <> 48 |      3 |   291 |
| 48 <> 49 |     10 |   798 |
| 49 <> 50 |      3 |   291 |
| 50 <> 51 |      3 |   291 |
| 51 <> 52 |      3 |   291 |
| 52 <> 53 |      3 |   291 |
| 53 <> 54 |      3 |   291 |
| 54 <> 55 |     10 |   781 |
| 55 <> 56 |      4 |   357 |
| 56 <> 57 |      2 |   219 |
| 57 <> 58 |      4 |   366 |
| 58 <> Dur|      2 |   219 |
=============================
