Running as user "root" and group "root". This could be dangerous.

=============================
| IO Statistics             |
|                           |
| Duration: 59.778270 secs  |
| Interval:  1 secs         |
|                           |
| Col 1: tcp.port==2404     |
|---------------------------|
|          |1               |
| Interval | Frames | Bytes |
|---------------------------|
|  0 <>  1 |     13 |  1230 |
|  1 <>  2 |     22 |  1898 |
|  2 <>  3 |     21 |  1832 |
|  3 <>  4 |     12 |  1164 |
|  4 <>  5 |     12 |  1164 |
|  5 <>  6 |     12 |  1164 |
|  6 <>  7 |     12 |  1164 |
|  7 <>  8 |     12 |  1164 |
|  8 <>  9 |     28 |  2322 |
|  9 <> 10 |     26 |  2200 |
| 10 <> 11 |     12 |  1164 |
| 11 <> 12 |     12 |  1164 |
| 12 <> 13 |     17 |  1532 |
| 13 <> 14 |     14 |  1311 |
| 14 <> 15 |     16 |  1465 |
| 15 <> 16 |     16 |  1504 |
| 16 <> 17 |     17 |  1553 |
| 17 <> 18 |     17 |  1553 |
| 18 <> 19 |     17 |  1553 |
| 19 <> 20 |     16 |  1471 |
| 20 <> 21 |     11 |  1104 |
| 21 <> 22 |     14 |  1302 |
| 22 <> 23 |     16 |  1487 |
| 23 <> 24 |     11 |  1104 |
| 24 <> 25 |     28 |  2292 |
| 25 <> 26 |     16 |  1488 |
| 26 <> 27 |     17 |  1554 |
| 27 <> 28 |     16 |  1471 |
| 28 <> 29 |     17 |  1553 |
| 29 <> 30 |     14 |  1333 |
| 30 <> 31 |     15 |  1395 |
| 31 <> 32 |     17 |  1553 |
| 32 <> 33 |     11 |  1104 |
| 33 <> 34 |     16 |  1471 |
| 34 <> 35 |     21 |  1838 |
| 35 <> 36 |     16 |  1471 |
| 36 <> 37 |     11 |  1104 |
| 37 <> 38 |     10 |   955 |
| 38 <> 39 |     22 |  1805 |
| 39 <> 40 |     19 |  1607 |
| 40 <> 41 |     22 |  1831 |
| 41 <> 42 |     34 |  3038 |
| 42 <> 43 |     15 |  1415 |
| 43 <> 44 |     24 |  2068 |
| 44 <> 45 |     16 |  1471 |
| 45 <> 46 |     11 |  1104 |
| 46 <> 47 |     11 |  1104 |
| 47 <> 48 |     17 |  1553 |
| 48 <> 49 |     18 |  1618 |
| 49 <> 50 |     16 |  1471 |
| 50 <> 51 |     16 |  1471 |
| 51 <> 52 |     17 |  1553 |
| 52 <> 53 |     11 |  1011 |
| 53 <> 54 |     10 |   955 |
| 54 <> 55 |      9 |   873 |
| 55 <> 56 |     18 |  1507 |
| 56 <> 57 |     14 |  1267 |
| 57 <> 58 |     12 |  1081 |
| 58 <> 59 |     10 |   948 |
| 59 <> Dur|     14 |  1250 |
=============================
