Running as user "root" and group "root". This could be dangerous.

=============================
| IO Statistics             |
|                           |
| Duration: 59.278665 secs  |
| Interval:  1 secs         |
|                           |
| Col 1: Frames and bytes   |
|---------------------------|
|          |1               |
| Interval | Frames | Bytes |
|---------------------------|
|  0 <>  1 |      7 |   673 |
|  1 <>  2 |      4 |   363 |
|  2 <>  3 |      3 |   228 |
|  3 <>  4 |      5 |   451 |
|  4 <>  5 |      4 |  1155 |
|  5 <>  6 |      4 |   361 |
|  6 <>  7 |      3 |   291 |
|  7 <>  8 |      7 |   592 |
|  8 <>  9 |     17 |  1555 |
|  9 <> 10 |      4 |  1155 |
| 10 <> 11 |      3 |   291 |
| 11 <> 12 |      8 |   659 |
| 12 <> 13 |      3 |   291 |
| 13 <> 14 |      5 |   438 |
| 14 <> 15 |      5 |  1237 |
| 15 <> 16 |      7 |   631 |
| 16 <> 17 |      3 |   313 |
| 17 <> 18 |      3 |  1095 |
| 18 <> 19 |      3 |   313 |
| 19 <> 20 |      2 |   231 |
| 20 <> 21 |      2 |   231 |
| 21 <> 22 |      6 |   511 |
| 22 <> 23 |      2 |   231 |
| 23 <> 24 |      2 |   231 |
| 24 <> 25 |     11 |   847 |
| 25 <> 26 |      3 |   291 |
| 26 <> 27 |      8 |   659 |
| 27 <> 28 |      3 |   291 |
| 28 <> 29 |      4 |   373 |
| 29 <> 30 |      3 |   291 |
| 30 <> 31 |      5 |   435 |
| 31 <> 32 |      8 |   658 |
| 32 <> 33 |      3 |   291 |
| 33 <> 34 |      3 |   291 |
| 34 <> 35 |      4 |   361 |
| 35 <> 36 |      3 |   291 |
| 36 <> 37 |      3 |   291 |
| 37 <> 38 |      3 |   291 |
| 38 <> 39 |      8 |   658 |
| 39 <> 40 |      8 |   658 |
| 40 <> 41 |      6 |   767 |
| 41 <> 42 |      3 |   291 |
| 42 <> 43 |      4 |   373 |
| 43 <> 44 |      3 |   291 |
| 44 <> 45 |      3 |   291 |
| 45 <> 46 |      3 |   291 |
| 46 <> 47 |      3 |   291 |
| 47 <> 48 |      8 |   658 |
| 48 <> 49 |      3 |   291 |
| 49 <> 50 |      3 |   291 |
| 50 <> 51 |      8 |   658 |
| 51 <> 52 |      3 |   291 |
| 52 <> 53 |      3 |   291 |
| 53 <> 54 |      3 |   291 |
| 54 <> 55 |      3 |   291 |
| 55 <> 56 |      3 |   291 |
| 56 <> 57 |      3 |   291 |
| 57 <> 58 |      3 |   291 |
| 58 <> 59 |      3 |   291 |
| 59 <> Dur|      8 |   658 |
=============================
