Running as user "root" and group "root". This could be dangerous.

=============================
| IO Statistics             |
|                           |
| Duration: 58.981802 secs  |
| Interval:  1 secs         |
|                           |
| Col 1: Frames and bytes   |
|---------------------------|
|          |1               |
| Interval | Frames | Bytes |
|---------------------------|
|  0 <>  1 |      7 |   561 |
|  1 <>  2 |      7 |   592 |
|  2 <>  3 |      2 |   225 |
|  3 <>  4 |      4 |   357 |
|  4 <>  5 |      4 |   361 |
|  5 <>  6 |      3 |   291 |
|  6 <>  7 |      3 |   291 |
|  7 <>  8 |      3 |   291 |
|  8 <>  9 |      8 |   795 |
|  9 <> 10 |      4 |   498 |
| 10 <> 11 |      1 |    66 |
| 11 <> 12 |      6 |   582 |
| 12 <> 13 |      3 |   291 |
| 13 <> 14 |      6 |   526 |
| 14 <> 15 |      4 |   357 |
| 15 <> 16 |      3 |   291 |
| 16 <> 17 |      3 |   291 |
| 17 <> 18 |      3 |   291 |
| 18 <> 19 |      3 |   291 |
| 19 <> 20 |      3 |   291 |
| 20 <> 21 |      3 |   291 |
| 21 <> 22 |      6 |   526 |
| 22 <> 23 |      4 |   357 |
| 23 <> 24 |      3 |   291 |
| 24 <> 25 |     13 |  1023 |
| 25 <> 26 |      3 |   329 |
| 26 <> 27 |      4 |   379 |
| 27 <> 28 |      3 |   321 |
| 28 <> 29 |      6 |   550 |
| 29 <> 30 |      5 |  1242 |
| 30 <> 31 |      2 |   231 |
| 31 <> 32 |      3 |   313 |
| 32 <> 33 |      2 |   231 |
| 33 <> 34 |      2 |   231 |
| 34 <> 35 |      6 |  2893 |
| 35 <> 36 |      2 |   231 |
| 36 <> 37 |      0 |     0 |
| 37 <> 38 |      4 |   280 |
| 38 <> 39 |      0 |     0 |
| 39 <> 40 |      1 |    78 |
| 40 <> 41 |      2 |   269 |
| 41 <> 42 |     29 |  2637 |
| 42 <> 43 |      3 |   291 |
| 43 <> 44 |      8 |   659 |
| 44 <> 45 |      3 |   291 |
| 45 <> 46 |      3 |   291 |
| 46 <> 47 |      3 |   291 |
| 47 <> 48 |      3 |   291 |
| 48 <> 49 |      8 |   658 |
| 49 <> 50 |      4 |   361 |
| 50 <> 51 |      3 |   291 |
| 51 <> 52 |      9 |   740 |
| 52 <> 53 |      3 |   291 |
| 53 <> 54 |      3 |   291 |
| 54 <> 55 |      3 |   291 |
| 55 <> 56 |      3 |   291 |
| 56 <> 57 |      3 |   291 |
| 57 <> 58 |      3 |   291 |
| 58 <> Dur|      3 |   291 |
=============================
