Running as user "root" and group "root". This could be dangerous.

=============================
| IO Statistics             |
|                           |
| Duration: 59. 29918 secs  |
| Interval:  1 secs         |
|                           |
| Col 1: Frames and bytes   |
|---------------------------|
|          |1               |
| Interval | Frames | Bytes |
|---------------------------|
|  0 <>  1 |      3 |   291 |
|  1 <>  2 |      3 |   291 |
|  2 <>  3 |      8 |  4611 |
|  3 <>  4 |      8 |   658 |
|  4 <>  5 |      4 |   357 |
|  5 <>  6 |     11 |   904 |
|  6 <>  7 |     12 |  4097 |
|  7 <>  8 |      8 |   641 |
|  8 <>  9 |      8 |   641 |
|  9 <> 10 |     11 |   847 |
| 10 <> 11 |     25 |  5539 |
| 11 <> 12 |     19 |  4644 |
| 12 <> 13 |      5 |   461 |
| 13 <> 14 |      3 |   289 |
| 14 <> 15 |      4 |  1908 |
| 15 <> 16 |      0 |     0 |
| 16 <> 17 |      0 |     0 |
| 17 <> 18 |      1 |   864 |
| 18 <> 19 |      0 |     0 |
| 19 <> 20 |      1 |   864 |
| 20 <> 21 |      3 |  1011 |
| 21 <> 22 |      5 |  1182 |
| 22 <> 23 |      0 |     0 |
| 23 <> 24 |      0 |     0 |
| 24 <> 25 |      2 |  1728 |
| 25 <> 26 |      3 |   198 |
| 26 <> 27 |      0 |     0 |
| 27 <> 28 |      2 |   180 |
| 28 <> 29 |     56 |  7561 |
| 29 <> 30 |      3 |   291 |
| 30 <> 31 |      8 |   659 |
| 31 <> 32 |      4 |  1155 |
| 32 <> 33 |      3 |   291 |
| 33 <> 34 |      4 |   361 |
| 34 <> 35 |      8 |  2269 |
| 35 <> 36 |      8 |   658 |
| 36 <> 37 |      4 |   361 |
| 37 <> 38 |     11 |  2479 |
| 38 <> 39 |      9 |  3133 |
| 39 <> 40 |      9 |  3093 |
| 40 <> 41 |      5 |   431 |
| 41 <> 42 |      5 |  2019 |
| 42 <> 43 |     18 |  2688 |
| 43 <> 44 |     17 |  2069 |
| 44 <> 45 |      6 |  2883 |
| 45 <> 46 |     11 |  4881 |
| 46 <> 47 |      9 |   748 |
| 47 <> 48 |     13 |  1008 |
| 48 <> 49 |      9 |  5475 |
| 49 <> 50 |      5 |  2019 |
| 50 <> 51 |      8 |   658 |
| 51 <> 52 |      4 |   361 |
| 52 <> 53 |      3 |   291 |
| 53 <> 54 |      3 |   291 |
| 54 <> 55 |      3 |   291 |
| 55 <> 56 |      8 |   658 |
| 56 <> 57 |      8 |   658 |
| 57 <> 58 |      3 |   291 |
| 58 <> 59 |      3 |   291 |
| 59 <> Dur|      3 |   291 |
=============================
