Running as user "root" and group "root". This could be dangerous.

=============================
| IO Statistics             |
|                           |
| Duration: 59. 31908 secs  |
| Interval:  1 secs         |
|                           |
| Col 1: Frames and bytes   |
|---------------------------|
|          |1               |
| Interval | Frames | Bytes |
|---------------------------|
|  0 <>  1 |      4 |   444 |
|  1 <>  2 |      2 |   138 |
|  2 <>  3 |     14 |  5842 |
|  3 <>  4 |      3 |   291 |
|  4 <>  5 |      5 |   423 |
|  5 <>  6 |      7 |   607 |
|  6 <>  7 |     17 |  6115 |
|  7 <>  8 |      9 |  1505 |
|  8 <>  9 |     13 |  1008 |
|  9 <> 10 |     11 |   847 |
| 10 <> 11 |     22 |  6389 |
| 11 <> 12 |     15 |  4855 |
| 12 <> 13 |      6 |   517 |
| 13 <> 14 |     19 |  2240 |
| 14 <> 15 |     13 |  3473 |
| 15 <> 16 |      3 |   317 |
| 16 <> 17 |      2 |   207 |
| 17 <> 18 |      2 |  1728 |
| 18 <> 19 |      2 |   147 |
| 19 <> 20 |      3 |  1011 |
| 20 <> 21 |      2 |  1728 |
| 21 <> 22 |      0 |     0 |
| 22 <> 23 |      0 |     0 |
| 23 <> 24 |      0 |     0 |
| 24 <> 25 |      5 |  1926 |
| 25 <> 26 |      0 |     0 |
| 26 <> 27 |      0 |     0 |
| 27 <> 28 |     41 |  3805 |
| 28 <> 29 |      7 |  2199 |
| 29 <> 30 |      8 |   659 |
| 30 <> 31 |      3 |   291 |
| 31 <> 32 |      4 |  1155 |
| 32 <> 33 |      3 |   291 |
| 33 <> 34 |      3 |   291 |
| 34 <> 35 |     13 |  1842 |
| 35 <> 36 |      3 |   291 |
| 36 <> 37 |      4 |   361 |
| 37 <> 38 |      9 |  2299 |
| 38 <> 39 |     12 |  1772 |
| 39 <> 40 |      8 |  3023 |
| 40 <> 41 |      5 |   431 |
| 41 <> 42 |      4 |  1155 |
| 42 <> 43 |     20 |  3094 |
| 43 <> 44 |     21 |  2100 |
| 44 <> 45 |      6 |  2883 |
| 45 <> 46 |      7 |  2973 |
| 46 <> 47 |      4 |   381 |
| 47 <> 48 |      8 |   641 |
| 48 <> 49 |      6 |  2883 |
| 49 <> 50 |      4 |  1155 |
| 50 <> 51 |      3 |   291 |
| 51 <> 52 |      4 |   361 |
| 52 <> 53 |      8 |   658 |
| 53 <> 54 |      8 |   658 |
| 54 <> 55 |      3 |   291 |
| 55 <> 56 |      3 |   291 |
| 56 <> 57 |      3 |   291 |
| 57 <> 58 |      3 |   291 |
| 58 <> 59 |      8 |   658 |
| 59 <> Dur|      3 |   291 |
=============================
