Running as user "root" and group "root". This could be dangerous.

=============================
| IO Statistics             |
|                           |
| Duration: 59.493237 secs  |
| Interval:  1 secs         |
|                           |
| Col 1: Frames and bytes   |
|---------------------------|
|          |1               |
| Interval | Frames | Bytes |
|---------------------------|
|  0 <>  1 |      9 |  3129 |
|  1 <>  2 |      4 |   357 |
|  2 <>  3 |      8 |   658 |
|  3 <>  4 |     10 |  6339 |
|  4 <>  5 |      3 |   291 |
|  5 <>  6 |      3 |   291 |
|  6 <>  7 |      9 |   751 |
|  7 <>  8 |     17 |  5300 |
|  8 <>  9 |      7 |   571 |
|  9 <> 10 |     26 |  1937 |
| 10 <> 11 |     10 |   789 |
| 11 <> 12 |     21 |  6454 |
| 12 <> 13 |     10 |  3528 |
| 13 <> 14 |      1 |    70 |
| 14 <> 15 |      1 |   864 |
| 15 <> 16 |      2 |  1728 |
| 16 <> 17 |      0 |     0 |
| 17 <> 18 |      2 |   147 |
| 18 <> 19 |      1 |   864 |
| 19 <> 20 |      0 |     0 |
| 20 <> 21 |      0 |     0 |
| 21 <> 22 |      1 |   864 |
| 22 <> 23 |      2 |   138 |
| 23 <> 24 |      0 |     0 |
| 24 <> 25 |      0 |     0 |
| 25 <> 26 |      1 |   864 |
| 26 <> 27 |      3 |   198 |
| 27 <> 28 |      0 |     0 |
| 28 <> 29 |      2 |   180 |
| 29 <> 30 |     61 |  6574 |
| 30 <> 31 |      3 |   291 |
| 31 <> 32 |      8 |   659 |
| 32 <> 33 |      6 |  1335 |
| 33 <> 34 |      3 |   291 |
| 34 <> 35 |      4 |   361 |
| 35 <> 36 |      9 |  2339 |
| 36 <> 37 |      9 |   728 |
| 37 <> 38 |      4 |   361 |
| 38 <> 39 |     10 |  2409 |
| 39 <> 40 |     14 |  3500 |
| 40 <> 41 |      8 |  3023 |
| 41 <> 42 |      5 |   431 |
| 42 <> 43 |      7 |  2953 |
| 43 <> 44 |     16 |  2930 |
| 44 <> 45 |     15 |  1530 |
| 45 <> 46 |     11 |  3250 |
| 46 <> 47 |     10 |  4791 |
| 47 <> 48 |      3 |   291 |
| 48 <> 49 |      7 |   571 |
| 49 <> 50 |      8 |  4611 |
| 50 <> 51 |      3 |   291 |
| 51 <> 52 |      8 |   658 |
| 52 <> 53 |      3 |   291 |
| 53 <> 54 |      3 |   291 |
| 54 <> 55 |      3 |   291 |
| 55 <> 56 |      3 |   291 |
| 56 <> 57 |      3 |   291 |
| 57 <> 58 |      3 |   291 |
| 58 <> 59 |      3 |   291 |
| 59 <> Dur|      8 |   658 |
=============================
