Running as user "root" and group "root". This could be dangerous.

=============================
| IO Statistics             |
|                           |
| Duration: 59.856051 secs  |
| Interval:  1 secs         |
|                           |
| Col 1: Frames and bytes   |
|---------------------------|
|          |1               |
| Interval | Frames | Bytes |
|---------------------------|
|  0 <>  1 |     16 |  1476 |
|  1 <>  2 |     14 |  1296 |
|  2 <>  3 |     27 |  6218 |
|  3 <>  4 |     17 |  1531 |
|  4 <>  5 |     15 |  1362 |
|  5 <>  6 |     23 |  1982 |
|  6 <>  7 |     22 |  5874 |
|  7 <>  8 |     22 |  1903 |
|  8 <>  9 |     25 |  2112 |
|  9 <> 10 |     38 |  3010 |
| 10 <> 11 |     34 |  5930 |
| 11 <> 12 |     46 |  8021 |
| 12 <> 13 |     23 |  2043 |
| 13 <> 14 |     23 |  2756 |
| 14 <> 15 |     21 |  4079 |
| 15 <> 16 |     10 |   954 |
| 16 <> 17 |      3 |   305 |
| 17 <> 18 |      6 |  2022 |
| 18 <> 19 |      2 |   147 |
| 19 <> 20 |      3 |  1011 |
| 20 <> 21 |      4 |  1875 |
| 21 <> 22 |      3 |  1002 |
| 22 <> 23 |      4 |   285 |
| 23 <> 24 |      0 |     0 |
| 24 <> 25 |      7 |  2064 |
| 25 <> 26 |      3 |   198 |
| 26 <> 27 |      3 |   198 |
| 27 <> 28 |     40 |  4513 |
| 28 <> 29 |     60 |  7114 |
| 29 <> 30 |     72 |  6708 |
| 30 <> 31 |     14 |  1241 |
| 31 <> 32 |     63 |  6789 |
| 32 <> 33 |     12 |  1164 |
| 33 <> 34 |     17 |  1532 |
| 34 <> 35 |     22 |  2695 |
| 35 <> 36 |     18 |  1621 |
| 36 <> 37 |     17 |  1531 |
| 37 <> 38 |     16 |  3052 |
| 38 <> 39 |     31 |  4156 |
| 39 <> 40 |     22 |  4283 |
| 40 <> 41 |     14 |  1304 |
| 41 <> 42 |     16 |  3032 |
| 42 <> 43 |     27 |  2265 |
| 43 <> 44 |     32 |  4576 |
| 44 <> 45 |     24 |  4519 |
| 45 <> 46 |     22 |  5077 |
| 46 <> 47 |     18 |  1621 |
| 47 <> 48 |     17 |  1531 |
| 48 <> 49 |     20 |  4106 |
| 49 <> 50 |     14 |  2892 |
| 50 <> 51 |     17 |  1531 |
| 51 <> 52 |     22 |  1898 |
| 52 <> 53 |     17 |  1531 |
| 53 <> 54 |     17 |  1531 |
| 54 <> 55 |     12 |  1164 |
| 55 <> 56 |     22 |  1898 |
| 56 <> 57 |     17 |  1531 |
| 57 <> 58 |     12 |  1164 |
| 58 <> 59 |     22 |  1898 |
| 59 <> Dur|     17 |  1531 |
=============================
