Running as user "root" and group "root". This could be dangerous.

=============================
| IO Statistics             |
|                           |
| Duration: 59.125352 secs  |
| Interval:  1 secs         |
|                           |
| Col 1: Frames and bytes   |
|---------------------------|
|          |1               |
| Interval | Frames | Bytes |
|---------------------------|
|  0 <>  1 |      4 |   357 |
|  1 <>  2 |      4 |   357 |
|  2 <>  3 |     14 |  5842 |
|  3 <>  4 |      3 |   291 |
|  4 <>  5 |      3 |   291 |
|  5 <>  6 |      6 |   541 |
|  6 <>  7 |     11 |  4047 |
|  7 <>  8 |     11 |   890 |
|  8 <>  9 |     14 |  1061 |
|  9 <> 10 |     24 |  1793 |
| 10 <> 11 |     13 |  4050 |
| 11 <> 12 |     18 |  4410 |
| 12 <> 13 |      4 |   307 |
| 13 <> 14 |      1 |   864 |
| 14 <> 15 |      2 |  1728 |
| 15 <> 16 |      0 |     0 |
| 16 <> 17 |      0 |     0 |
| 17 <> 18 |      3 |  1011 |
| 18 <> 19 |      0 |     0 |
| 19 <> 20 |      0 |     0 |
| 20 <> 21 |      1 |   864 |
| 21 <> 22 |      0 |     0 |
| 22 <> 23 |      2 |   138 |
| 23 <> 24 |      0 |     0 |
| 24 <> 25 |      1 |   864 |
| 25 <> 26 |      0 |     0 |
| 26 <> 27 |      3 |   198 |
| 27 <> 28 |      1 |    90 |
| 28 <> 29 |      3 |  1044 |
| 29 <> 30 |     59 |  5620 |
| 30 <> 31 |      3 |   291 |
| 31 <> 32 |     10 |  1613 |
| 32 <> 33 |      4 |   381 |
| 33 <> 34 |      3 |   291 |
| 34 <> 35 |      9 |  2319 |
| 35 <> 36 |      5 |   451 |
| 36 <> 37 |      9 |   728 |
| 37 <> 38 |      8 |  2249 |
| 38 <> 39 |     10 |  3203 |
| 39 <> 40 |     12 |  3340 |
| 40 <> 41 |      6 |   501 |
| 41 <> 42 |      8 |  3023 |
| 42 <> 43 |      8 |  1306 |
| 43 <> 44 |     23 |  3154 |
| 44 <> 45 |      7 |  2973 |
| 45 <> 46 |     16 |  6022 |
| 46 <> 47 |      4 |   381 |
| 47 <> 48 |      7 |   571 |
| 48 <> 49 |      7 |  3747 |
| 49 <> 50 |      7 |  3747 |
| 50 <> 51 |      3 |   291 |
| 51 <> 52 |      8 |   658 |
| 52 <> 53 |      3 |   291 |
| 53 <> 54 |      3 |   291 |
| 54 <> 55 |      3 |   291 |
| 55 <> 56 |      3 |   291 |
| 56 <> 57 |      3 |   291 |
| 57 <> 58 |      3 |   291 |
| 58 <> 59 |      3 |   291 |
| 59 <> Dur|      8 |   658 |
=============================
