Running as user "root" and group "root". This could be dangerous.

=============================
| IO Statistics             |
|                           |
| Duration: 59.805922 secs  |
| Interval:  1 secs         |
|                           |
| Col 1: Frames and bytes   |
|---------------------------|
|          |1               |
| Interval | Frames | Bytes |
|---------------------------|
|  0 <>  1 |      5 |   471 |
|  1 <>  2 |      3 |   291 |
|  2 <>  3 |     13 |  4978 |
|  3 <>  4 |      3 |   291 |
|  4 <>  5 |      5 |   423 |
|  5 <>  6 |      4 |   357 |
|  6 <>  7 |     12 |  4157 |
|  7 <>  8 |     11 |  1665 |
|  8 <>  9 |     11 |   868 |
|  9 <> 10 |     13 |   987 |
| 10 <> 11 |      9 |  2295 |
| 11 <> 12 |     26 |  6294 |
| 12 <> 13 |      7 |   720 |
| 13 <> 14 |     12 |  1750 |
| 14 <> 15 |     14 |  2665 |
| 15 <> 16 |      3 |   309 |
| 16 <> 17 |      2 |   207 |
| 17 <> 18 |      3 |  1818 |
| 18 <> 19 |      3 |   237 |
| 19 <> 20 |      5 |  1965 |
| 20 <> 21 |      4 |  2682 |
| 21 <> 22 |      1 |   864 |
| 22 <> 23 |      0 |     0 |
| 23 <> 24 |      0 |     0 |
| 24 <> 25 |      6 |  2790 |
| 25 <> 26 |      0 |     0 |
| 26 <> 27 |      0 |     0 |
| 27 <> 28 |     41 |  4579 |
| 28 <> 29 |      9 |  3927 |
| 29 <> 30 |      9 |   749 |
| 30 <> 31 |      3 |   291 |
| 31 <> 32 |      4 |  1155 |
| 32 <> 33 |      3 |   291 |
| 33 <> 34 |      3 |   291 |
| 34 <> 35 |     13 |  2616 |
| 35 <> 36 |      4 |   381 |
| 36 <> 37 |      4 |   361 |
| 37 <> 38 |      9 |  2299 |
| 38 <> 39 |     11 |  1682 |
| 39 <> 40 |      8 |  3043 |
| 40 <> 41 |      5 |   431 |
| 41 <> 42 |      6 |  1295 |
| 42 <> 43 |      8 |   658 |
| 43 <> 44 |     23 |  3703 |
| 44 <> 45 |     16 |  3716 |
| 45 <> 46 |      7 |  2973 |
| 46 <> 47 |      4 |   381 |
| 47 <> 48 |      3 |   291 |
| 48 <> 49 |      9 |  2299 |
| 49 <> 50 |      5 |  2019 |
| 50 <> 51 |      3 |   291 |
| 51 <> 52 |      3 |   291 |
| 52 <> 53 |      9 |   728 |
| 53 <> 54 |      8 |   658 |
| 54 <> 55 |      3 |   291 |
| 55 <> 56 |      3 |   291 |
| 56 <> 57 |      3 |   291 |
| 57 <> 58 |      3 |   291 |
| 58 <> 59 |      8 |   658 |
| 59 <> Dur|      3 |   291 |
=============================
