Running as user "root" and group "root". This could be dangerous.

=============================
| IO Statistics             |
|                           |
| Duration: 59.856051 secs  |
| Interval:  1 secs         |
|                           |
| Col 1: tcp.port==2404     |
|---------------------------|
|          |1               |
| Interval | Frames | Bytes |
|---------------------------|
|  0 <>  1 |     14 |  1296 |
|  1 <>  2 |     14 |  1296 |
|  2 <>  3 |     22 |  1898 |
|  3 <>  4 |     17 |  1531 |
|  4 <>  5 |     15 |  1362 |
|  5 <>  6 |     22 |  1892 |
|  6 <>  7 |     12 |  1164 |
|  7 <>  8 |     15 |  1393 |
|  8 <>  9 |     21 |  1832 |
|  9 <> 10 |     30 |  2450 |
| 10 <> 11 |     27 |  2264 |
| 11 <> 12 |     25 |  2154 |
| 12 <> 13 |     20 |  1680 |
| 13 <> 14 |     21 |  1802 |
| 14 <> 15 |     16 |  1307 |
| 15 <> 16 |      9 |   864 |
| 16 <> 17 |      3 |   305 |
| 17 <> 18 |      4 |   294 |
| 18 <> 19 |      2 |   147 |
| 19 <> 20 |      2 |   147 |
| 20 <> 21 |      2 |   147 |
| 21 <> 22 |      2 |   138 |
| 22 <> 23 |      4 |   285 |
| 23 <> 24 |      0 |     0 |
| 24 <> 25 |      5 |   336 |
| 25 <> 26 |      3 |   198 |
| 26 <> 27 |      3 |   198 |
| 27 <> 28 |     38 |  3559 |
| 28 <> 29 |     56 |  5206 |
| 29 <> 30 |     71 |  6618 |
| 30 <> 31 |     14 |  1241 |
| 31 <> 32 |     62 |  5925 |
| 32 <> 33 |     12 |  1164 |
| 33 <> 34 |     17 |  1532 |
| 34 <> 35 |     17 |  1531 |
| 35 <> 36 |     17 |  1531 |
| 36 <> 37 |     17 |  1531 |
| 37 <> 38 |     12 |  1164 |
| 38 <> 39 |     22 |  1898 |
| 39 <> 40 |     17 |  1531 |
| 40 <> 41 |     12 |  1164 |
| 41 <> 42 |     12 |  1164 |
| 42 <> 43 |     27 |  2265 |
| 43 <> 44 |     17 |  1531 |
| 44 <> 45 |     12 |  1164 |
| 45 <> 46 |     17 |  1531 |
| 46 <> 47 |     17 |  1531 |
| 47 <> 48 |     17 |  1531 |
| 48 <> 49 |     12 |  1164 |
| 49 <> 50 |     12 |  1164 |
| 50 <> 51 |     17 |  1531 |
| 51 <> 52 |     22 |  1898 |
| 52 <> 53 |     17 |  1531 |
| 53 <> 54 |     17 |  1531 |
| 54 <> 55 |     12 |  1164 |
| 55 <> 56 |     22 |  1898 |
| 56 <> 57 |     17 |  1531 |
| 57 <> 58 |     12 |  1164 |
| 58 <> 59 |     22 |  1898 |
| 59 <> Dur|     17 |  1531 |
=============================
