Running as user "root" and group "root". This could be dangerous.

=============================
| IO Statistics             |
|                           |
| Duration: 59.290368 secs  |
| Interval:  1 secs         |
|                           |
| Col 1: Frames and bytes   |
|---------------------------|
|          |1               |
| Interval | Frames | Bytes |
|---------------------------|
|  0 <>  1 |      4 |   357 |
|  1 <>  2 |      4 |   357 |
|  2 <>  3 |      8 |  4611 |
|  3 <>  4 |      3 |   291 |
|  4 <>  5 |      3 |   291 |
|  5 <>  6 |      9 |   770 |
|  6 <>  7 |     15 |  5161 |
|  7 <>  8 |      8 |  1475 |
|  8 <>  9 |     11 |   892 |
|  9 <> 10 |     12 |   921 |
| 10 <> 11 |     16 |  5836 |
| 11 <> 12 |     29 |  7581 |
| 12 <> 13 |     12 |   941 |
| 13 <> 14 |      5 |  1233 |
| 14 <> 15 |      9 |  3924 |
| 15 <> 16 |      3 |   309 |
| 16 <> 17 |      0 |     0 |
| 17 <> 18 |      4 |  1875 |
| 18 <> 19 |      0 |     0 |
| 19 <> 20 |      2 |  1728 |
| 20 <> 21 |      2 |  1728 |
| 21 <> 22 |      0 |     0 |
| 22 <> 23 |      2 |   147 |
| 23 <> 24 |      0 |     0 |
| 24 <> 25 |      5 |  1956 |
| 25 <> 26 |      1 |    90 |
| 26 <> 27 |      0 |     0 |
| 27 <> 28 |      2 |   954 |
| 28 <> 29 |      7 |  2880 |
| 29 <> 30 |      0 |     0 |
| 30 <> 31 |      0 |     0 |
| 31 <> 32 |     48 |  4684 |
| 32 <> 33 |      3 |   291 |
| 33 <> 34 |      8 |   659 |
| 34 <> 35 |      8 |  2249 |
| 35 <> 36 |      4 |   381 |
| 36 <> 37 |      4 |   361 |
| 37 <> 38 |      7 |  1365 |
| 38 <> 39 |     12 |  2546 |
| 39 <> 40 |      6 |  2109 |
| 40 <> 41 |      7 |   571 |
| 41 <> 42 |      5 |  1225 |
| 42 <> 43 |     13 |  1673 |
| 43 <> 44 |     22 |  3084 |
| 44 <> 45 |      5 |  2019 |
| 45 <> 46 |      7 |  2973 |
| 46 <> 47 |      4 |   381 |
| 47 <> 48 |      9 |   711 |
| 48 <> 49 |      5 |  2019 |
| 49 <> 50 |      5 |  2019 |
| 50 <> 51 |      3 |   291 |
| 51 <> 52 |      8 |   658 |
| 52 <> 53 |      4 |   361 |
| 53 <> 54 |      3 |   291 |
| 54 <> 55 |      3 |   291 |
| 55 <> 56 |      8 |   658 |
| 56 <> 57 |      3 |   291 |
| 57 <> 58 |      3 |   291 |
| 58 <> 59 |      8 |   658 |
| 59 <> Dur|      3 |   291 |
=============================
