Running as user "root" and group "root". This could be dangerous.

=============================
| IO Statistics             |
|                           |
| Duration: 59.607094 secs  |
| Interval:  1 secs         |
|                           |
| Col 1: Frames and bytes   |
|---------------------------|
|          |1               |
| Interval | Frames | Bytes |
|---------------------------|
|  0 <>  1 |     17 |  1525 |
|  1 <>  2 |     22 |  1917 |
|  2 <>  3 |     13 |  1230 |
|  3 <>  4 |     13 |  1230 |
|  4 <>  5 |     16 |  1459 |
|  5 <>  6 |     17 |  1556 |
|  6 <>  7 |     15 |  1366 |
|  7 <>  8 |     13 |  1230 |
|  8 <>  9 |     18 |  1576 |
|  9 <> 10 |     33 |  2718 |
| 10 <> 11 |     36 |  2842 |
| 11 <> 12 |     22 |  2639 |
| 12 <> 13 |     13 |  1145 |
| 13 <> 14 |      3 |   301 |
| 14 <> 15 |      1 |   864 |
| 15 <> 16 |      0 |     0 |
| 16 <> 17 |      4 |   294 |
| 17 <> 18 |      0 |     0 |
| 18 <> 19 |      2 |   147 |
| 19 <> 20 |      0 |     0 |
| 20 <> 21 |      6 |  1200 |
| 21 <> 22 |      2 |   138 |
| 22 <> 23 |      0 |     0 |
| 23 <> 24 |     30 |  2878 |
| 24 <> 25 |     32 |  2637 |
| 25 <> 26 |     11 |  1655 |
| 26 <> 27 |     52 |  4762 |
| 27 <> 28 |     64 |  5926 |
| 28 <> 29 |     13 |  1175 |
| 29 <> 30 |     70 |  6546 |
| 30 <> 31 |     16 |  1465 |
| 31 <> 32 |     18 |  1598 |
| 32 <> 33 |     13 |  1230 |
| 33 <> 34 |     17 |  1531 |
| 34 <> 35 |     17 |  1531 |
| 35 <> 36 |     12 |  1164 |
| 36 <> 37 |     17 |  1531 |
| 37 <> 38 |     17 |  1531 |
| 38 <> 39 |     17 |  1535 |
| 39 <> 40 |     16 |  1465 |
| 40 <> 41 |     27 |  2265 |
| 41 <> 42 |     13 |  1367 |
| 42 <> 43 |     16 |  1465 |
| 43 <> 44 |     24 |  2067 |
| 44 <> 45 |     17 |  1531 |
| 45 <> 46 |     18 |  1601 |
| 46 <> 47 |     14 |  1296 |
| 47 <> 48 |     12 |  1164 |
| 48 <> 49 |     16 |  1465 |
| 49 <> 50 |     17 |  1531 |
| 50 <> 51 |     12 |  1164 |
| 51 <> 52 |     21 |  1832 |
| 52 <> 53 |     13 |  1230 |
| 53 <> 54 |     26 |  2199 |
| 54 <> 55 |     13 |  1230 |
| 55 <> 56 |     12 |  1164 |
| 56 <> 57 |     12 |  1164 |
| 57 <> 58 |     17 |  1531 |
| 58 <> 59 |     12 |  1164 |
| 59 <> Dur|     13 |  1174 |
=============================
