Running as user "root" and group "root". This could be dangerous.

=============================
| IO Statistics             |
|                           |
| Duration: 59.714843 secs  |
| Interval:  1 secs         |
|                           |
| Col 1: Frames and bytes   |
|---------------------------|
|          |1               |
| Interval | Frames | Bytes |
|---------------------------|
|  0 <>  1 |     12 |  1164 |
|  1 <>  2 |     12 |  1164 |
|  2 <>  3 |     12 |  1164 |
|  3 <>  4 |     22 |  1898 |
|  4 <>  5 |     12 |  1164 |
|  5 <>  6 |     12 |  1164 |
|  6 <>  7 |     22 |  1898 |
|  7 <>  8 |     21 |  1832 |
|  8 <>  9 |     20 |  1720 |
|  9 <> 10 |     33 |  2702 |
| 10 <> 11 |     39 |  3031 |
| 11 <> 12 |     30 |  2411 |
| 12 <> 13 |     29 |  2297 |
| 13 <> 14 |     26 |  2046 |
| 14 <> 15 |     23 |  1715 |
| 15 <> 16 |     21 |  1593 |
| 16 <> 17 |      4 |   294 |
| 17 <> 18 |      0 |     0 |
| 18 <> 19 |      4 |   294 |
| 19 <> 20 |      0 |     0 |
| 20 <> 21 |      0 |     0 |
| 21 <> 22 |      0 |     0 |
| 22 <> 23 |      4 |   294 |
| 23 <> 24 |      8 |   540 |
| 24 <> 25 |      0 |     0 |
| 25 <> 26 |      0 |     0 |
| 26 <> 27 |    108 | 10079 |
| 27 <> 28 |     10 |   846 |
| 28 <> 29 |     16 |  1318 |
| 29 <> 30 |     52 |  5134 |
| 30 <> 31 |     53 |  5200 |
| 31 <> 32 |     17 |  1532 |
| 32 <> 33 |     17 |  1532 |
| 33 <> 34 |     22 |  1898 |
| 34 <> 35 |     12 |  1164 |
| 35 <> 36 |     12 |  1164 |
| 36 <> 37 |     17 |  1531 |
| 37 <> 38 |     22 |  1898 |
| 38 <> 39 |     17 |  1531 |
| 39 <> 40 |     12 |  1164 |
| 40 <> 41 |     12 |  1164 |
| 41 <> 42 |     27 |  2265 |
| 42 <> 43 |     17 |  1531 |
| 43 <> 44 |     12 |  1164 |
| 44 <> 45 |     12 |  1164 |
| 45 <> 46 |     12 |  1164 |
| 46 <> 47 |     12 |  1164 |
| 47 <> 48 |     22 |  1898 |
| 48 <> 49 |     27 |  2265 |
| 49 <> 50 |     18 |  1601 |
| 50 <> 51 |     12 |  1164 |
| 51 <> 52 |     22 |  1898 |
| 52 <> 53 |     12 |  1164 |
| 53 <> 54 |     22 |  1898 |
| 54 <> 55 |     17 |  1531 |
| 55 <> 56 |     17 |  1531 |
| 56 <> 57 |     12 |  1164 |
| 57 <> 58 |     12 |  1164 |
| 58 <> 59 |     17 |  1531 |
| 59 <> Dur|     22 |  1898 |
=============================
