Running as user "root" and group "root". This could be dangerous.

=============================
| IO Statistics             |
|                           |
| Duration: 59.116752 secs  |
| Interval:  1 secs         |
|                           |
| Col 1: Frames and bytes   |
|---------------------------|
|          |1               |
| Interval | Frames | Bytes |
|---------------------------|
|  0 <>  1 |     22 |  1898 |
|  1 <>  2 |     19 |  1694 |
|  2 <>  3 |     12 |  1164 |
|  3 <>  4 |     20 |  1760 |
|  4 <>  5 |     18 |  1622 |
|  5 <>  6 |     12 |  1164 |
|  6 <>  7 |     12 |  1164 |
|  7 <>  8 |     13 |  1254 |
|  8 <>  9 |     27 |  3066 |
|  9 <> 10 |     33 |  2730 |
| 10 <> 11 |     16 |  1476 |
| 11 <> 12 |     14 |  1322 |
| 12 <> 13 |     11 |  1092 |
| 13 <> 14 |     12 |  1174 |
| 14 <> 15 |     23 |  2742 |
| 15 <> 16 |     13 |  1238 |
| 16 <> 17 |     22 |  1845 |
| 17 <> 18 |      9 |  1665 |
| 18 <> 19 |      9 |   883 |
| 19 <> 20 |     17 |  1429 |
| 20 <> 21 |     13 |  1171 |
| 21 <> 22 |      6 |   592 |
| 22 <> 23 |      7 |  1456 |
| 23 <> 24 |     17 |  1385 |
| 24 <> 25 |      5 |   510 |
| 25 <> 26 |     14 |  1148 |
| 26 <> 27 |     57 |  5170 |
| 27 <> 28 |     10 |   886 |
| 28 <> 29 |      9 |   812 |
| 29 <> 30 |      9 |   790 |
| 30 <> 31 |      5 |   510 |
| 31 <> 32 |     10 |   843 |
| 32 <> 33 |     51 |  4603 |
| 33 <> 34 |     10 |   883 |
| 34 <> 35 |     38 |  3504 |
| 35 <> 36 |      9 |   873 |
| 36 <> 37 |     14 |  1241 |
| 37 <> 38 |     11 |  1011 |
| 38 <> 39 |      9 |   873 |
| 39 <> 40 |     20 |  1673 |
| 40 <> 41 |      9 |   873 |
| 41 <> 42 |     14 |  1240 |
| 42 <> 43 |     52 |  4861 |
| 43 <> 44 |     12 |  1164 |
| 44 <> 45 |     24 |  2068 |
| 45 <> 46 |     12 |  1164 |
| 46 <> 47 |     12 |  1164 |
| 47 <> 48 |     12 |  1164 |
| 48 <> 49 |     12 |  1164 |
| 49 <> 50 |     21 |  1832 |
| 50 <> 51 |     12 |  1164 |
| 51 <> 52 |     12 |  1164 |
| 52 <> 53 |     20 |  1766 |
| 53 <> 54 |     12 |  1164 |
| 54 <> 55 |     12 |  1164 |
| 55 <> 56 |     12 |  1164 |
| 56 <> 57 |     12 |  1164 |
| 57 <> 58 |     29 |  2434 |
| 58 <> 59 |     12 |  1164 |
| 59 <> Dur|     10 |   883 |
=============================
