Running as user "root" and group "root". This could be dangerous.

=============================
| IO Statistics             |
|                           |
| Duration: 59. 73181 secs  |
| Interval:  1 secs         |
|                           |
| Col 1: Frames and bytes   |
|---------------------------|
|          |1               |
| Interval | Frames | Bytes |
|---------------------------|
|  0 <>  1 |      7 |   592 |
|  1 <>  2 |      4 |   444 |
|  2 <>  3 |      2 |   138 |
|  3 <>  4 |      4 |   444 |
|  4 <>  5 |      2 |   138 |
|  5 <>  6 |      3 |   291 |
|  6 <>  7 |      3 |   291 |
|  7 <>  8 |      3 |   291 |
|  8 <>  9 |     12 |   928 |
|  9 <> 10 |     11 |   885 |
| 10 <> 11 |      7 |   619 |
| 11 <> 12 |      3 |   301 |
| 12 <> 13 |      2 |   219 |
| 13 <> 14 |      3 |   301 |
| 14 <> 15 |      4 |  1173 |
| 15 <> 16 |      5 |   444 |
| 16 <> 17 |      0 |     0 |
| 17 <> 18 |      1 |   864 |
| 18 <> 19 |      1 |    72 |
| 19 <> 20 |      1 |    66 |
| 20 <> 21 |      1 |    70 |
| 21 <> 22 |      0 |     0 |
| 22 <> 23 |      5 |  1132 |
| 23 <> 24 |      0 |     0 |
| 24 <> 25 |      0 |     0 |
| 25 <> 26 |      5 |   489 |
| 26 <> 27 |     43 |  4004 |
| 27 <> 28 |      7 |  1385 |
| 28 <> 29 |      4 |   363 |
| 29 <> 30 |      3 |   291 |
| 30 <> 31 |      3 |   291 |
| 31 <> 32 |      3 |   291 |
| 32 <> 33 |      5 |   438 |
| 33 <> 34 |      5 |   445 |
| 34 <> 35 |      3 |   291 |
| 35 <> 36 |      3 |   291 |
| 36 <> 37 |      3 |   291 |
| 37 <> 38 |      3 |   291 |
| 38 <> 39 |      5 |   438 |
| 39 <> 40 |      5 |   445 |
| 40 <> 41 |      3 |   291 |
| 41 <> 42 |      3 |   291 |
| 42 <> 43 |      3 |   291 |
| 43 <> 44 |      3 |   291 |
| 44 <> 45 |      7 |   592 |
| 45 <> 46 |      3 |   291 |
| 46 <> 47 |      3 |   291 |
| 47 <> 48 |      3 |   291 |
| 48 <> 49 |      3 |   291 |
| 49 <> 50 |      3 |   291 |
| 50 <> 51 |      3 |   291 |
| 51 <> 52 |      3 |   291 |
| 52 <> 53 |      7 |   592 |
| 53 <> 54 |      3 |   291 |
| 54 <> 55 |      3 |   291 |
| 55 <> 56 |      3 |   291 |
| 56 <> 57 |      3 |   291 |
| 57 <> 58 |      7 |   592 |
| 58 <> 59 |      3 |   291 |
| 59 <> Dur|      7 |   592 |
=============================
