Running as user "root" and group "root". This could be dangerous.

=============================
| IO Statistics             |
|                           |
| Duration: 59.698219 secs  |
| Interval:  1 secs         |
|                           |
| Col 1: tcp.port==2404     |
|---------------------------|
|          |1               |
| Interval | Frames | Bytes |
|---------------------------|
|  0 <>  1 |     14 |  1383 |
|  1 <>  2 |     16 |  1378 |
|  2 <>  3 |     12 |  1164 |
|  3 <>  4 |     22 |  1898 |
|  4 <>  5 |     12 |  1164 |
|  5 <>  6 |     27 |  2265 |
|  6 <>  7 |     12 |  1164 |
|  7 <>  8 |     12 |  1164 |
|  8 <>  9 |     23 |  1956 |
|  9 <> 10 |     38 |  3087 |
| 10 <> 11 |     26 |  2061 |
| 11 <> 12 |     33 |  2639 |
| 12 <> 13 |     31 |  2373 |
| 13 <> 14 |     24 |  1884 |
| 14 <> 15 |     21 |  1583 |
| 15 <> 16 |     21 |  1593 |
| 16 <> 17 |      4 |   294 |
| 17 <> 18 |      2 |   147 |
| 18 <> 19 |      4 |   294 |
| 19 <> 20 |      0 |     0 |
| 20 <> 21 |      4 |   294 |
| 21 <> 22 |      7 |   474 |
| 22 <> 23 |      0 |     0 |
| 23 <> 24 |      0 |     0 |
| 24 <> 25 |     55 |  5053 |
| 25 <> 26 |      3 |   291 |
| 26 <> 27 |     11 |   857 |
| 27 <> 28 |     46 |  4459 |
| 28 <> 29 |      8 |   720 |
| 29 <> 30 |     72 |  6678 |
| 30 <> 31 |      9 |   873 |
| 31 <> 32 |     19 |  1608 |
| 32 <> 33 |     57 |  5650 |
| 33 <> 34 |     12 |  1164 |
| 34 <> 35 |     27 |  2266 |
| 35 <> 36 |     12 |  1164 |
| 36 <> 37 |     17 |  1531 |
| 37 <> 38 |     12 |  1164 |
| 38 <> 39 |     17 |  1531 |
| 39 <> 40 |     22 |  1898 |
| 40 <> 41 |     12 |  1164 |
| 41 <> 42 |     17 |  1531 |
| 42 <> 43 |     12 |  1164 |
| 43 <> 44 |     12 |  1164 |
| 44 <> 45 |     12 |  1164 |
| 45 <> 46 |     12 |  1164 |
| 46 <> 47 |     12 |  1164 |
| 47 <> 48 |     22 |  1898 |
| 48 <> 49 |     17 |  1531 |
| 49 <> 50 |     17 |  1531 |
| 50 <> 51 |     17 |  1531 |
| 51 <> 52 |     17 |  1531 |
| 52 <> 53 |     17 |  1531 |
| 53 <> 54 |     12 |  1164 |
| 54 <> 55 |     12 |  1164 |
| 55 <> 56 |     12 |  1164 |
| 56 <> 57 |     17 |  1531 |
| 57 <> 58 |     22 |  1898 |
| 58 <> 59 |     17 |  1531 |
| 59 <> Dur|     14 |  1240 |
=============================
