Running as user "root" and group "root". This could be dangerous.

=============================
| IO Statistics             |
|                           |
| Duration: 59.737090 secs  |
| Interval:  1 secs         |
|                           |
| Col 1: Frames and bytes   |
|---------------------------|
|          |1               |
| Interval | Frames | Bytes |
|---------------------------|
|  0 <>  1 |     23 |  1964 |
|  1 <>  2 |     17 |  1531 |
|  2 <>  3 |     27 |  2265 |
|  3 <>  4 |     12 |  1164 |
|  4 <>  5 |     17 |  1531 |
|  5 <>  6 |     12 |  1164 |
|  6 <>  7 |     22 |  1898 |
|  7 <>  8 |     12 |  1164 |
|  8 <>  9 |     19 |  1654 |
|  9 <> 10 |     34 |  2786 |
| 10 <> 11 |     36 |  2805 |
| 11 <> 12 |     32 |  2557 |
| 12 <> 13 |     30 |  2362 |
| 13 <> 14 |     22 |  1752 |
| 14 <> 15 |     26 |  1928 |
| 15 <> 16 |     25 |  1910 |
| 16 <> 17 |      5 |   345 |
| 17 <> 18 |      2 |   147 |
| 18 <> 19 |      4 |   294 |
| 19 <> 20 |      2 |   147 |
| 20 <> 21 |      2 |   138 |
| 21 <> 22 |      0 |     0 |
| 22 <> 23 |      0 |     0 |
| 23 <> 24 |      6 |   396 |
| 24 <> 25 |      5 |   336 |
| 25 <> 26 |      3 |   198 |
| 26 <> 27 |     94 |  8870 |
| 27 <> 28 |     61 |  5914 |
| 28 <> 29 |     58 |  5420 |
| 29 <> 30 |     17 |  1532 |
| 30 <> 31 |     17 |  1532 |
| 31 <> 32 |     12 |  1164 |
| 32 <> 33 |     12 |  1164 |
| 33 <> 34 |     22 |  1898 |
| 34 <> 35 |     17 |  1531 |
| 35 <> 36 |     17 |  1531 |
| 36 <> 37 |     22 |  1898 |
| 37 <> 38 |     12 |  1164 |
| 38 <> 39 |     17 |  1531 |
| 39 <> 40 |     39 | 20539 |
| 40 <> 41 |     54 | 33499 |
| 41 <> 42 |     22 |  5851 |
| 42 <> 43 |     17 |  1531 |
| 43 <> 44 |     19 |  1671 |
| 44 <> 45 |     12 |  1164 |
| 45 <> 46 |     12 |  1164 |
| 46 <> 47 |     17 |  1531 |
| 47 <> 48 |     22 |  1898 |
| 48 <> 49 |     17 |  1531 |
| 49 <> 50 |     12 |  1164 |
| 50 <> 51 |     12 |  1164 |
| 51 <> 52 |     12 |  1164 |
| 52 <> 53 |     17 |  1531 |
| 53 <> 54 |     17 |  1531 |
| 54 <> 55 |     12 |  1164 |
| 55 <> 56 |     17 |  1531 |
| 56 <> 57 |     17 |  1531 |
| 57 <> 58 |     12 |  1164 |
| 58 <> 59 |     12 |  1164 |
| 59 <> Dur|     12 |  1164 |
=============================
