Running as user "root" and group "root". This could be dangerous.

=============================
| IO Statistics             |
|                           |
| Duration: 59. 41692 secs  |
| Interval:  1 secs         |
|                           |
| Col 1: Frames and bytes   |
|---------------------------|
|          |1               |
| Interval | Frames | Bytes |
|---------------------------|
|  0 <>  1 |     18 |  2395 |
|  1 <>  2 |     14 |  1387 |
|  2 <>  3 |     12 |  1875 |
|  3 <>  4 |     12 |  1164 |
|  4 <>  5 |     14 |  2098 |
|  5 <>  6 |     12 |  1164 |
|  6 <>  7 |     16 |  1465 |
|  7 <>  8 |     15 |  1393 |
|  8 <>  9 |     24 |  2158 |
|  9 <> 10 |     22 |  1899 |
| 10 <> 11 |     13 |  1230 |
| 11 <> 12 |     18 |  1598 |
| 12 <> 13 |     12 |  1164 |
| 13 <> 14 |     20 |  1786 |
| 14 <> 15 |     25 |  2159 |
| 15 <> 16 |     16 |  1459 |
| 16 <> 17 |     12 |  1174 |
| 17 <> 18 |     11 |  1092 |
| 18 <> 19 |     11 |  1092 |
| 19 <> 20 |     24 |  2035 |
| 20 <> 21 |     21 |  1799 |
| 21 <> 22 |     14 |  1262 |
| 22 <> 23 |     16 |  2176 |
| 23 <> 24 |     16 |  1409 |
| 24 <> 25 |      8 |   813 |
| 25 <> 26 |     38 |  3394 |
| 26 <> 27 |     14 |  2914 |
| 27 <> 28 |     17 |  2336 |
| 28 <> 29 |     16 |  1475 |
| 29 <> 30 |     23 |  1961 |
| 30 <> 31 |     18 |  1614 |
| 31 <> 32 |      9 |   895 |
| 32 <> 33 |     16 |  1409 |
| 33 <> 34 |     34 |  2904 |
| 34 <> 35 |     21 |  1838 |
| 35 <> 36 |     17 |  1542 |
| 36 <> 37 |     12 |  1186 |
| 37 <> 38 |     11 |  1104 |
| 38 <> 39 |     11 |  1104 |
| 39 <> 40 |     18 |  1618 |
| 40 <> 41 |     30 |  2601 |
| 41 <> 42 |     13 |  1197 |
| 42 <> 43 |     11 |  1033 |
| 43 <> 44 |     11 |  1011 |
| 44 <> 45 |     11 |  1042 |
| 45 <> 46 |      8 |   813 |
| 46 <> 47 |     33 |  3049 |
| 47 <> 48 |     17 |  1553 |
| 48 <> 49 |     19 |  1701 |
| 49 <> 50 |     11 |  1104 |
| 50 <> 51 |     11 |  1104 |
| 51 <> 52 |     16 |  1471 |
| 52 <> 53 |     16 |  1459 |
| 53 <> 54 |     17 |  1438 |
| 54 <> 55 |      9 |   873 |
| 55 <> 56 |      9 |   873 |
| 56 <> 57 |     35 |  3026 |
| 57 <> 58 |     17 |  1531 |
| 58 <> 59 |     17 |  1532 |
| 59 <> Dur|      6 |   582 |
=============================
