Running as user "root" and group "root". This could be dangerous.

=============================
| IO Statistics             |
|                           |
| Duration: 59. 10390 secs  |
| Interval:  1 secs         |
|                           |
| Col 1: tcp.port==2404     |
|---------------------------|
|          |1               |
| Interval | Frames | Bytes |
|---------------------------|
|  0 <>  1 |      3 |   291 |
|  1 <>  2 |      3 |   291 |
|  2 <>  3 |      3 |   291 |
|  3 <>  4 |      3 |   291 |
|  4 <>  5 |      3 |   291 |
|  5 <>  6 |      3 |   291 |
|  6 <>  7 |      3 |   291 |
|  7 <>  8 |      6 |   520 |
|  8 <>  9 |      4 |   363 |
|  9 <> 10 |      3 |   291 |
| 10 <> 11 |      3 |   291 |
| 11 <> 12 |      3 |   291 |
| 12 <> 13 |      6 |   520 |
| 13 <> 14 |      5 |   444 |
| 14 <> 15 |      5 |   445 |
| 15 <> 16 |      3 |   291 |
| 16 <> 17 |      3 |   291 |
| 17 <> 18 |      3 |   291 |
| 18 <> 19 |      5 |   438 |
| 19 <> 20 |      5 |   445 |
| 20 <> 21 |      6 |   526 |
| 21 <> 22 |      3 |   291 |
| 22 <> 23 |      7 |   592 |
| 23 <> 24 |      3 |   291 |
| 24 <> 25 |      3 |   291 |
| 25 <> 26 |      3 |   291 |
| 26 <> 27 |      3 |   291 |
| 27 <> 28 |      3 |   291 |
| 28 <> 29 |      7 |   592 |
| 29 <> 30 |     10 |   781 |
| 30 <> 31 |      4 |   369 |
| 31 <> 32 |      2 |   231 |
| 32 <> 33 |      4 |   378 |
| 33 <> 34 |      4 |   378 |
| 34 <> 35 |      2 |   231 |
| 35 <> 36 |      2 |   231 |
| 36 <> 37 |      2 |   231 |
| 37 <> 38 |      2 |   231 |
| 38 <> 39 |      2 |   231 |
| 39 <> 40 |      4 |   378 |
| 40 <> 41 |      2 |   219 |
| 41 <> 42 |      0 |     0 |
| 42 <> 43 |      2 |   138 |
| 43 <> 44 |      3 |   198 |
| 44 <> 45 |      0 |     0 |
| 45 <> 46 |      0 |     0 |
| 46 <> 47 |     25 |  2236 |
| 47 <> 48 |      3 |   291 |
| 48 <> 49 |      6 |   521 |
| 49 <> 50 |      3 |   291 |
| 50 <> 51 |      3 |   291 |
| 51 <> 52 |      3 |   291 |
| 52 <> 53 |      3 |   291 |
| 53 <> 54 |      8 |   658 |
| 54 <> 55 |      3 |   291 |
| 55 <> 56 |      3 |   291 |
| 56 <> 57 |      3 |   291 |
| 57 <> 58 |      3 |   291 |
| 58 <> 59 |      3 |   291 |
| 59 <> Dur|      1 |   153 |
=============================
