Running as user "root" and group "root". This could be dangerous.

=============================
| IO Statistics             |
|                           |
| Duration: 59.707250 secs  |
| Interval:  1 secs         |
|                           |
| Col 1: Frames and bytes   |
|---------------------------|
|          |1               |
| Interval | Frames | Bytes |
|---------------------------|
|  0 <>  1 |     17 |  1498 |
|  1 <>  2 |     16 |  1465 |
|  2 <>  3 |     16 |  1465 |
|  3 <>  4 |     12 |  1164 |
|  4 <>  5 |     13 |  1234 |
|  5 <>  6 |     19 |  1694 |
|  6 <>  7 |     12 |  1164 |
|  7 <>  8 |     16 |  1465 |
|  8 <>  9 |     32 |  2625 |
|  9 <> 10 |     17 |  1574 |
| 10 <> 11 |     25 |  2139 |
| 11 <> 12 |     23 |  1899 |
| 12 <> 13 |     14 |  1293 |
| 13 <> 14 |     14 |  1164 |
| 14 <> 15 |     11 |  1015 |
| 15 <> 16 |      3 |   305 |
| 16 <> 17 |      2 |   147 |
| 17 <> 18 |      0 |     0 |
| 18 <> 19 |      0 |     0 |
| 19 <> 20 |      5 |   345 |
| 20 <> 21 |      3 |   198 |
| 21 <> 22 |      0 |     0 |
| 22 <> 23 |     49 |  4378 |
| 23 <> 24 |     50 |  4543 |
| 24 <> 25 |     10 |   884 |
| 25 <> 26 |     11 |   950 |
| 26 <> 27 |     46 |  4279 |
| 27 <> 28 |      9 |   873 |
| 28 <> 29 |     13 |  1175 |
| 29 <> 30 |     63 |  5897 |
| 30 <> 31 |     17 |  1531 |
| 31 <> 32 |     16 |  1466 |
| 32 <> 33 |     12 |  1164 |
| 33 <> 34 |     16 |  1465 |
| 34 <> 35 |     17 |  1531 |
| 35 <> 36 |     12 |  1164 |
| 36 <> 37 |     20 |  1766 |
| 37 <> 38 |     16 |  1465 |
| 38 <> 39 |     17 |  1531 |
| 39 <> 40 |     17 |  1531 |
| 40 <> 41 |     12 |  1164 |
| 41 <> 42 |     12 |  1164 |
| 42 <> 43 |     21 |  1832 |
| 43 <> 44 |     17 |  1531 |
| 44 <> 45 |     16 |  1465 |
| 45 <> 46 |     16 |  1465 |
| 46 <> 47 |     20 |  1766 |
| 47 <> 48 |     17 |  1531 |
| 48 <> 49 |     12 |  1164 |
| 49 <> 50 |     16 |  1465 |
| 50 <> 51 |     16 |  1465 |
| 51 <> 52 |     12 |  1164 |
| 52 <> 53 |     12 |  1164 |
| 53 <> 54 |     17 |  1531 |
| 54 <> 55 |     12 |  1164 |
| 55 <> 56 |     20 |  1766 |
| 56 <> 57 |     12 |  1164 |
| 57 <> 58 |     16 |  1465 |
| 58 <> 59 |     16 |  1465 |
| 59 <> Dur|     16 |  1465 |
=============================
