Running as user "root" and group "root". This could be dangerous.

=============================
| IO Statistics             |
|                           |
| Duration: 59.574024 secs  |
| Interval:  1 secs         |
|                           |
| Col 1: Frames and bytes   |
|---------------------------|
|          |1               |
| Interval | Frames | Bytes |
|---------------------------|
|  0 <>  1 |     19 |  1678 |
|  1 <>  2 |     20 |  1751 |
|  2 <>  3 |     12 |  1164 |
|  3 <>  4 |     14 |  1315 |
|  4 <>  5 |     15 |  1384 |
|  5 <>  6 |     13 |  1234 |
|  6 <>  7 |     17 |  1546 |
|  7 <>  8 |     23 |  1986 |
|  8 <>  9 |     19 |  1654 |
|  9 <> 10 |     29 |  2479 |
| 10 <> 11 |     23 |  2112 |
| 11 <> 12 |     15 |  1434 |
| 12 <> 13 |     22 |  1810 |
| 13 <> 14 |     10 |   906 |
| 14 <> 15 |     15 |  1242 |
| 15 <> 16 |     11 |  1026 |
| 16 <> 17 |      6 |   518 |
| 17 <> 18 |      6 |   441 |
| 18 <> 19 |      2 |   147 |
| 19 <> 20 |      4 |   294 |
| 20 <> 21 |      0 |     0 |
| 21 <> 22 |      2 |   138 |
| 22 <> 23 |      3 |   198 |
| 23 <> 24 |      3 |   198 |
| 24 <> 25 |      3 |   198 |
| 25 <> 26 |     47 |  4345 |
| 26 <> 27 |     56 |  5212 |
| 27 <> 28 |     53 |  4866 |
| 28 <> 29 |     12 |  1103 |
| 29 <> 30 |     59 |  5448 |
| 30 <> 31 |     12 |  1164 |
| 31 <> 32 |     17 |  1532 |
| 32 <> 33 |     17 |  1531 |
| 33 <> 34 |     21 |  1832 |
| 34 <> 35 |     17 |  1531 |
| 35 <> 36 |     12 |  1164 |
| 36 <> 37 |     17 |  1531 |
| 37 <> 38 |     17 |  1531 |
| 38 <> 39 |     12 |  1164 |
| 39 <> 40 |     12 |  1164 |
| 40 <> 41 |     12 |  1164 |
| 41 <> 42 |     12 |  1164 |
| 42 <> 43 |     16 |  1465 |
| 43 <> 44 |     17 |  1531 |
| 44 <> 45 |     12 |  1164 |
| 45 <> 46 |     21 |  1832 |
| 46 <> 47 |     22 |  1898 |
| 47 <> 48 |     16 |  1465 |
| 48 <> 49 |     12 |  1164 |
| 49 <> 50 |     12 |  1164 |
| 50 <> 51 |     22 |  1898 |
| 51 <> 52 |     21 |  1832 |
| 52 <> 53 |     17 |  1531 |
| 53 <> 54 |     17 |  1531 |
| 54 <> 55 |     17 |  1531 |
| 55 <> 56 |     17 |  1531 |
| 56 <> 57 |     16 |  1465 |
| 57 <> 58 |     12 |  1164 |
| 58 <> 59 |     12 |  1164 |
| 59 <> Dur|     12 |  1164 |
=============================
