Running as user "root" and group "root". This could be dangerous.

=============================
| IO Statistics             |
|                           |
| Duration: 59.719980 secs  |
| Interval:  1 secs         |
|                           |
| Col 1: tcp.port==2404     |
|---------------------------|
|          |1               |
| Interval | Frames | Bytes |
|---------------------------|
|  0 <>  1 |     12 |  1164 |
|  1 <>  2 |     21 |  1913 |
|  2 <>  3 |     11 |  1011 |
|  3 <>  4 |     12 |  1164 |
|  4 <>  5 |     21 |  1832 |
|  5 <>  6 |     12 |  1164 |
|  6 <>  7 |     15 |  1393 |
|  7 <>  8 |     18 |  1603 |
|  8 <>  9 |     19 |  1654 |
|  9 <> 10 |     25 |  2112 |
| 10 <> 11 |     17 |  1532 |
| 11 <> 12 |     27 |  2276 |
| 12 <> 13 |     16 |  1469 |
| 13 <> 14 |     13 |  1240 |
| 14 <> 15 |     24 |  2025 |
| 15 <> 16 |     13 |  1254 |
| 16 <> 17 |     15 |  1331 |
| 17 <> 18 |      8 |   801 |
| 18 <> 19 |     14 |  1250 |
| 19 <> 20 |      9 |   873 |
| 20 <> 21 |     25 |  2039 |
| 21 <> 22 |      6 |   592 |
| 22 <> 23 |      6 |   592 |
| 23 <> 24 |      9 |   790 |
| 24 <> 25 |      5 |   510 |
| 25 <> 26 |     15 |  1198 |
| 26 <> 27 |     58 |  5138 |
| 27 <> 28 |      9 |   833 |
| 28 <> 29 |     44 |  3906 |
| 29 <> 30 |     11 |  1042 |
| 30 <> 31 |     13 |  1181 |
| 31 <> 32 |      8 |   801 |
| 32 <> 33 |      6 |   582 |
| 33 <> 34 |     10 |   883 |
| 34 <> 35 |      6 |   582 |
| 35 <> 36 |     14 |  1147 |
| 36 <> 37 |     10 |   883 |
| 37 <> 38 |     10 |   852 |
| 38 <> 39 |     51 |  4733 |
| 39 <> 40 |      9 |   873 |
| 40 <> 41 |     53 |  4816 |
| 41 <> 42 |     12 |  1164 |
| 42 <> 43 |     17 |  1532 |
| 43 <> 44 |     17 |  1531 |
| 44 <> 45 |     12 |  1164 |
| 45 <> 46 |     21 |  1832 |
| 46 <> 47 |     17 |  1531 |
| 47 <> 48 |     22 |  1898 |
| 48 <> 49 |     12 |  1164 |
| 49 <> 50 |     17 |  1531 |
| 50 <> 51 |     12 |  1164 |
| 51 <> 52 |     17 |  1531 |
| 52 <> 53 |     16 |  1465 |
| 53 <> 54 |     12 |  1164 |
| 54 <> 55 |     17 |  1531 |
| 55 <> 56 |     17 |  1531 |
| 56 <> 57 |     17 |  1531 |
| 57 <> 58 |     12 |  1164 |
| 58 <> 59 |     12 |  1164 |
| 59 <> Dur|     12 |  1164 |
=============================
