Running as user "root" and group "root". This could be dangerous.

=============================
| IO Statistics             |
|                           |
| Duration: 59.644353 secs  |
| Interval:  1 secs         |
|                           |
| Col 1: Frames and bytes   |
|---------------------------|
|          |1               |
| Interval | Frames | Bytes |
|---------------------------|
|  0 <>  1 |     13 |  1230 |
|  1 <>  2 |     16 |  2257 |
|  2 <>  3 |     18 |  1603 |
|  3 <>  4 |     21 |  1834 |
|  4 <>  5 |     12 |  1164 |
|  5 <>  6 |     12 |  1164 |
|  6 <>  7 |     13 |  1367 |
|  7 <>  8 |     12 |  1164 |
|  8 <>  9 |     26 |  2184 |
|  9 <> 10 |     32 |  2644 |
| 10 <> 11 |     22 |  1912 |
| 11 <> 12 |     17 |  1612 |
| 12 <> 13 |     17 |  1455 |
| 13 <> 14 |     11 |   992 |
| 14 <> 15 |     14 |  1196 |
| 15 <> 16 |     13 |  1162 |
| 16 <> 17 |      6 |   501 |
| 17 <> 18 |      0 |     0 |
| 18 <> 19 |      0 |     0 |
| 19 <> 20 |      0 |     0 |
| 20 <> 21 |      0 |     0 |
| 21 <> 22 |      0 |     0 |
| 22 <> 23 |      6 |   396 |
| 23 <> 24 |      0 |     0 |
| 24 <> 25 |      5 |   345 |
| 25 <> 26 |    105 |  9503 |
| 26 <> 27 |      9 |   780 |
| 27 <> 28 |     61 |  5432 |
| 28 <> 29 |      9 |   873 |
| 29 <> 30 |     57 |  5316 |
| 30 <> 31 |     12 |  1164 |
| 31 <> 32 |     17 |  1532 |
| 32 <> 33 |     22 |  1898 |
| 33 <> 34 |     12 |  1164 |
| 34 <> 35 |     17 |  1531 |
| 35 <> 36 |     14 |  1304 |
| 36 <> 37 |     32 |  2632 |
| 37 <> 38 |     12 |  1164 |
| 38 <> 39 |     13 |  1367 |
| 39 <> 40 |     12 |  1164 |
| 40 <> 41 |     12 |  1164 |
| 41 <> 42 |     22 |  1898 |
| 42 <> 43 |     12 |  1164 |
| 43 <> 44 |     22 |  1898 |
| 44 <> 45 |     12 |  1164 |
| 45 <> 46 |     22 |  1898 |
| 46 <> 47 |     12 |  1164 |
| 47 <> 48 |     22 |  1898 |
| 48 <> 49 |     22 |  1898 |
| 49 <> 50 |     12 |  1164 |
| 50 <> 51 |     12 |  1164 |
| 51 <> 52 |     12 |  1164 |
| 52 <> 53 |     20 |  1760 |
| 53 <> 54 |     20 |  1760 |
| 54 <> 55 |     12 |  1164 |
| 55 <> 56 |     22 |  1898 |
| 56 <> 57 |     12 |  1164 |
| 57 <> 58 |     12 |  1164 |
| 58 <> 59 |     22 |  1898 |
| 59 <> Dur|     12 |  1164 |
=============================
