Running as user "root" and group "root". This could be dangerous.

=============================
| IO Statistics             |
|                           |
| Duration: 59.520264 secs  |
| Interval:  1 secs         |
|                           |
| Col 1: Frames and bytes   |
|---------------------------|
|          |1               |
| Interval | Frames | Bytes |
|---------------------------|
|  0 <>  1 |     15 |  1368 |
|  1 <>  2 |     12 |  1164 |
|  2 <>  3 |     12 |  1164 |
|  3 <>  4 |     16 |  1465 |
|  4 <>  5 |     20 |  1766 |
|  5 <>  6 |     17 |  1531 |
|  6 <>  7 |     16 |  1465 |
|  7 <>  8 |     14 |  1327 |
|  8 <>  9 |     15 |  1208 |
|  9 <> 10 |     23 |  2189 |
| 10 <> 11 |     12 |  1077 |
| 11 <> 12 |     21 |  1940 |
| 12 <> 13 |     25 |  1963 |
| 13 <> 14 |     15 |  1332 |
| 14 <> 15 |     11 |  1813 |
| 15 <> 16 |     14 |  1243 |
| 16 <> 17 |     17 |  1439 |
| 17 <> 18 |     13 |  1974 |
| 18 <> 19 |      6 |   592 |
| 19 <> 20 |      8 |   708 |
| 20 <> 21 |     22 |  2540 |
| 21 <> 22 |      3 |   301 |
| 22 <> 23 |     50 |  4469 |
| 23 <> 24 |      6 |  1374 |
| 24 <> 25 |     11 |   948 |
| 25 <> 26 |      5 |   429 |
| 26 <> 27 |      6 |   489 |
| 27 <> 28 |      5 |   438 |
| 28 <> 29 |      3 |   291 |
| 29 <> 30 |     45 |  3965 |
| 30 <> 31 |      7 |   654 |
| 31 <> 32 |     15 |  1214 |
| 32 <> 33 |      6 |   582 |
| 33 <> 34 |      6 |   582 |
| 34 <> 35 |     73 |  6650 |
| 35 <> 36 |      9 |   873 |
| 36 <> 37 |     19 |  1608 |
| 37 <> 38 |     63 |  5748 |
| 38 <> 39 |     12 |  1164 |
| 39 <> 40 |     17 |  1532 |
| 40 <> 41 |     22 |  1898 |
| 41 <> 42 |     18 |  1734 |
| 42 <> 43 |     17 |  1531 |
| 43 <> 44 |     12 |  1164 |
| 44 <> 45 |     17 |  1531 |
| 45 <> 46 |     12 |  1164 |
| 46 <> 47 |     23 |  1968 |
| 47 <> 48 |     12 |  1164 |
| 48 <> 49 |     17 |  1531 |
| 49 <> 50 |     12 |  1164 |
| 50 <> 51 |     18 |  1601 |
| 51 <> 52 |     17 |  1531 |
| 52 <> 53 |     17 |  1531 |
| 53 <> 54 |     17 |  1531 |
| 54 <> 55 |     17 |  1531 |
| 55 <> 56 |     17 |  1531 |
| 56 <> 57 |     17 |  1531 |
| 57 <> 58 |     12 |  1164 |
| 58 <> 59 |     17 |  1531 |
| 59 <> Dur|     17 |  1531 |
=============================
