Running as user "root" and group "root". This could be dangerous.

=============================
| IO Statistics             |
|                           |
| Duration: 59.570383 secs  |
| Interval:  1 secs         |
|                           |
| Col 1: Frames and bytes   |
|---------------------------|
|          |1               |
| Interval | Frames | Bytes |
|---------------------------|
|  0 <>  1 |     23 |  1964 |
|  1 <>  2 |     12 |  1164 |
|  2 <>  3 |     12 |  1164 |
|  3 <>  4 |     12 |  1164 |
|  4 <>  5 |     15 |  1393 |
|  5 <>  6 |     16 |  1463 |
|  6 <>  7 |     16 |  1465 |
|  7 <>  8 |     17 |  1666 |
|  8 <>  9 |     27 |  2250 |
|  9 <> 10 |     24 |  2048 |
| 10 <> 11 |     23 |  1978 |
| 11 <> 12 |     20 |  1825 |
| 12 <> 13 |     20 |  1712 |
| 13 <> 14 |     13 |  1211 |
| 14 <> 15 |     16 |  1343 |
| 15 <> 16 |      9 |   868 |
| 16 <> 17 |      4 |   354 |
| 17 <> 18 |      2 |   147 |
| 18 <> 19 |      0 |     0 |
| 19 <> 20 |      2 |   147 |
| 20 <> 21 |      0 |     0 |
| 21 <> 22 |      4 |   285 |
| 22 <> 23 |      3 |   198 |
| 23 <> 24 |      0 |     0 |
| 24 <> 25 |      4 |   285 |
| 25 <> 26 |     49 |  4564 |
| 26 <> 27 |      8 |   627 |
| 27 <> 28 |     14 |  1055 |
| 28 <> 29 |      3 |   291 |
| 29 <> 30 |     53 |  5107 |
| 30 <> 31 |     97 |  9341 |
| 31 <> 32 |     15 |  1394 |
| 32 <> 33 |     27 |  2267 |
| 33 <> 34 |     12 |  1164 |
| 34 <> 35 |     12 |  1164 |
| 35 <> 36 |     12 |  1164 |
| 36 <> 37 |     15 |  1393 |
| 37 <> 38 |     22 |  1898 |
| 38 <> 39 |     17 |  1531 |
| 39 <> 40 |     18 |  1734 |
| 40 <> 41 |     12 |  1164 |
| 41 <> 42 |     17 |  1531 |
| 42 <> 43 |     14 |  1304 |
| 43 <> 44 |     17 |  1531 |
| 44 <> 45 |     15 |  1393 |
| 45 <> 46 |     17 |  1531 |
| 46 <> 47 |     17 |  1531 |
| 47 <> 48 |     12 |  1164 |
| 48 <> 49 |     12 |  1164 |
| 49 <> 50 |     17 |  1531 |
| 50 <> 51 |     17 |  1531 |
| 51 <> 52 |     17 |  1531 |
| 52 <> 53 |     17 |  1531 |
| 53 <> 54 |     15 |  1393 |
| 54 <> 55 |     12 |  1164 |
| 55 <> 56 |     12 |  1164 |
| 56 <> 57 |     12 |  1164 |
| 57 <> 58 |     12 |  1164 |
| 58 <> 59 |     17 |  1531 |
| 59 <> Dur|     17 |  1531 |
=============================
