Running as user "root" and group "root". This could be dangerous.

=============================
| IO Statistics             |
|                           |
| Duration: 59.628286 secs  |
| Interval:  1 secs         |
|                           |
| Col 1: Frames and bytes   |
|---------------------------|
|          |1               |
| Interval | Frames | Bytes |
|---------------------------|
|  0 <>  1 |     15 |  1362 |
|  1 <>  2 |     12 |  1164 |
|  2 <>  3 |     20 |  1766 |
|  3 <>  4 |     12 |  1164 |
|  4 <>  5 |     12 |  1164 |
|  5 <>  6 |     15 |  1393 |
|  6 <>  7 |     18 |  1603 |
|  7 <>  8 |     34 |  2710 |
|  8 <>  9 |     20 |  1687 |
|  9 <> 10 |     27 |  2205 |
| 10 <> 11 |     12 |  1060 |
| 11 <> 12 |      3 |   301 |
| 12 <> 13 |      4 |   294 |
| 13 <> 14 |      0 |     0 |
| 14 <> 15 |      2 |   147 |
| 15 <> 16 |      2 |   147 |
| 16 <> 17 |      0 |     0 |
| 17 <> 18 |      0 |     0 |
| 18 <> 19 |      6 |   396 |
| 19 <> 20 |      0 |     0 |
| 20 <> 21 |      0 |     0 |
| 21 <> 22 |    105 |  9422 |
| 22 <> 23 |     12 |   978 |
| 23 <> 24 |     14 |  1180 |
| 24 <> 25 |      6 |   582 |
| 25 <> 26 |    102 |  9671 |
| 26 <> 27 |     12 |  1164 |
| 27 <> 28 |     21 |  1834 |
| 28 <> 29 |     18 |  1622 |
| 29 <> 30 |     12 |  1164 |
| 30 <> 31 |     12 |  1164 |
| 31 <> 32 |     20 |  1760 |
| 32 <> 33 |     29 |  2428 |
| 33 <> 34 |     20 |  1760 |
| 34 <> 35 |     12 |  1164 |
| 35 <> 36 |     12 |  1164 |
| 36 <> 37 |     20 |  1760 |
| 37 <> 38 |     12 |  1164 |
| 38 <> 39 |     12 |  1164 |
| 39 <> 40 |     27 |  2290 |
| 40 <> 41 |     12 |  1164 |
| 41 <> 42 |     29 |  2428 |
| 42 <> 43 |     12 |  1164 |
| 43 <> 44 |     12 |  1164 |
| 44 <> 45 |     12 |  1164 |
| 45 <> 46 |     20 |  1760 |
| 46 <> 47 |     12 |  1164 |
| 47 <> 48 |     12 |  1164 |
| 48 <> 49 |     12 |  1164 |
| 49 <> 50 |     12 |  1164 |
| 50 <> 51 |     21 |  1832 |
| 51 <> 52 |     20 |  1760 |
| 52 <> 53 |     12 |  1164 |
| 53 <> 54 |     12 |  1164 |
| 54 <> 55 |     12 |  1164 |
| 55 <> 56 |     12 |  1164 |
| 56 <> 57 |     20 |  1760 |
| 57 <> 58 |     12 |  1164 |
| 58 <> 59 |     12 |  1164 |
| 59 <> Dur|     21 |  1832 |
=============================
