Running as user "root" and group "root". This could be dangerous.

=============================
| IO Statistics             |
|                           |
| Duration: 59.882292 secs  |
| Interval:  1 secs         |
|                           |
| Col 1: tcp.port==2404     |
|---------------------------|
|          |1               |
| Interval | Frames | Bytes |
|---------------------------|
|  0 <>  1 |     16 |  1440 |
|  1 <>  2 |     22 |  1898 |
|  2 <>  3 |     17 |  1531 |
|  3 <>  4 |     12 |  1164 |
|  4 <>  5 |     12 |  1164 |
|  5 <>  6 |     22 |  1898 |
|  6 <>  7 |     17 |  1531 |
|  7 <>  8 |     12 |  1164 |
|  8 <>  9 |     19 |  1654 |
|  9 <> 10 |     38 |  3069 |
| 10 <> 11 |     29 |  2306 |
| 11 <> 12 |     32 |  2564 |
| 12 <> 13 |     30 |  2307 |
| 13 <> 14 |     32 |  2440 |
| 14 <> 15 |     19 |  1476 |
| 15 <> 16 |     19 |  1438 |
| 16 <> 17 |      2 |   147 |
| 17 <> 18 |      0 |     0 |
| 18 <> 19 |      0 |     0 |
| 19 <> 20 |      0 |     0 |
| 20 <> 21 |      4 |   285 |
| 21 <> 22 |      2 |   138 |
| 22 <> 23 |      0 |     0 |
| 23 <> 24 |      3 |   198 |
| 24 <> 25 |      6 |   396 |
| 25 <> 26 |      0 |     0 |
| 26 <> 27 |     55 |  5332 |
| 27 <> 28 |     94 |  8957 |
| 28 <> 29 |     17 |  1439 |
| 29 <> 30 |     19 |  1609 |
| 30 <> 31 |      9 |   873 |
| 31 <> 32 |     59 |  5875 |
| 32 <> 33 |     13 |  1230 |
| 33 <> 34 |     21 |  1746 |
| 34 <> 35 |     22 |  1898 |
| 35 <> 36 |     12 |  1164 |
| 36 <> 37 |     12 |  1164 |
| 37 <> 38 |     12 |  1164 |
| 38 <> 39 |     17 |  1531 |
| 39 <> 40 |     22 |  1898 |
| 40 <> 41 |     17 |  1531 |
| 41 <> 42 |     12 |  1164 |
| 42 <> 43 |     17 |  1531 |
| 43 <> 44 |     22 |  1898 |
| 44 <> 45 |     12 |  1164 |
| 45 <> 46 |     17 |  1531 |
| 46 <> 47 |     22 |  1898 |
| 47 <> 48 |     12 |  1164 |
| 48 <> 49 |     12 |  1164 |
| 49 <> 50 |     17 |  1531 |
| 50 <> 51 |     17 |  1531 |
| 51 <> 52 |     17 |  1531 |
| 52 <> 53 |     12 |  1164 |
| 53 <> 54 |     12 |  1164 |
| 54 <> 55 |     22 |  1898 |
| 55 <> 56 |     12 |  1164 |
| 56 <> 57 |     12 |  1164 |
| 57 <> 58 |     12 |  1164 |
| 58 <> 59 |     12 |  1164 |
| 59 <> Dur|     14 |  1240 |
=============================
