Running as user "root" and group "root". This could be dangerous.

=============================
| IO Statistics             |
|                           |
| Duration: 59.638431 secs  |
| Interval:  1 secs         |
|                           |
| Col 1: Frames and bytes   |
|---------------------------|
|          |1               |
| Interval | Frames | Bytes |
|---------------------------|
|  0 <>  1 |     14 |  1383 |
|  1 <>  2 |     11 |  1011 |
|  2 <>  3 |     12 |  1164 |
|  3 <>  4 |     22 |  1929 |
|  4 <>  5 |     20 |  1760 |
|  5 <>  6 |     18 |  1601 |
|  6 <>  7 |     16 |  1465 |
|  7 <>  8 |     16 |  1465 |
|  8 <>  9 |     14 |  1437 |
|  9 <> 10 |     28 |  2249 |
| 10 <> 11 |     23 |  2024 |
| 11 <> 12 |     19 |  1703 |
| 12 <> 13 |     21 |  1756 |
| 13 <> 14 |     19 |  1637 |
| 14 <> 15 |     17 |  1389 |
| 15 <> 16 |     10 |   904 |
| 16 <> 17 |      3 |   301 |
| 17 <> 18 |      4 |   354 |
| 18 <> 19 |      0 |     0 |
| 19 <> 20 |      2 |   147 |
| 20 <> 21 |      0 |     0 |
| 21 <> 22 |     10 |   690 |
| 22 <> 23 |      2 |   147 |
| 23 <> 24 |      2 |   138 |
| 24 <> 25 |     93 |  8426 |
| 25 <> 26 |      6 |   582 |
| 26 <> 27 |     19 |  1516 |
| 27 <> 28 |      6 |   582 |
| 28 <> 29 |      6 |   582 |
| 29 <> 30 |     50 |  4822 |
| 30 <> 31 |     10 |   939 |
| 31 <> 32 |     24 |  1975 |
| 32 <> 33 |     12 |  1071 |
| 33 <> 34 |     14 |  1240 |
| 34 <> 35 |     10 |   943 |
| 35 <> 36 |     64 |  6205 |
| 36 <> 37 |     17 |  1531 |
| 37 <> 38 |     22 |  1899 |
| 38 <> 39 |     17 |  1531 |
| 39 <> 40 |     12 |  1164 |
| 40 <> 41 |     19 |  1804 |
| 41 <> 42 |     12 |  1164 |
| 42 <> 43 |     22 |  1898 |
| 43 <> 44 |     17 |  1531 |
| 44 <> 45 |     22 |  1898 |
| 45 <> 46 |     22 |  1898 |
| 46 <> 47 |     17 |  1531 |
| 47 <> 48 |     17 |  1531 |
| 48 <> 49 |     12 |  1164 |
| 49 <> 50 |     12 |  1164 |
| 50 <> 51 |     12 |  1164 |
| 51 <> 52 |     17 |  1531 |
| 52 <> 53 |     27 |  2265 |
| 53 <> 54 |     17 |  1531 |
| 54 <> 55 |     12 |  1164 |
| 55 <> 56 |     12 |  1164 |
| 56 <> 57 |     22 |  1898 |
| 57 <> 58 |     12 |  1164 |
| 58 <> 59 |     12 |  1164 |
| 59 <> Dur|     12 |  1164 |
=============================
