Running as user "root" and group "root". This could be dangerous.

=============================
| IO Statistics             |
|                           |
| Duration: 59.731944 secs  |
| Interval:  1 secs         |
|                           |
| Col 1: Frames and bytes   |
|---------------------------|
|          |1               |
| Interval | Frames | Bytes |
|---------------------------|
|  0 <>  1 |     13 |  1245 |
|  1 <>  2 |     18 |  1613 |
|  2 <>  3 |     12 |  1164 |
|  3 <>  4 |     15 |  1393 |
|  4 <>  5 |     16 |  1465 |
|  5 <>  6 |     16 |  1465 |
|  6 <>  7 |     12 |  1164 |
|  7 <>  8 |     15 |  1393 |
|  8 <>  9 |     19 |  1654 |
|  9 <> 10 |     32 |  2707 |
| 10 <> 11 |     35 |  2857 |
| 11 <> 12 |     26 |  2215 |
| 12 <> 13 |     21 |  1769 |
| 13 <> 14 |      7 |   829 |
| 14 <> 15 |      0 |     0 |
| 15 <> 16 |      2 |   147 |
| 16 <> 17 |      0 |     0 |
| 17 <> 18 |      2 |   147 |
| 18 <> 19 |      6 |   441 |
| 19 <> 20 |      2 |   147 |
| 20 <> 21 |      0 |     0 |
| 21 <> 22 |      7 |   483 |
| 22 <> 23 |      0 |     0 |
| 23 <> 24 |      0 |     0 |
| 24 <> 25 |     52 |  5491 |
| 25 <> 26 |      9 |   717 |
| 26 <> 27 |     11 |   857 |
| 27 <> 28 |     61 |  5728 |
| 28 <> 29 |     57 |  5371 |
| 29 <> 30 |     60 |  6591 |
| 30 <> 31 |     17 |  1532 |
| 31 <> 32 |     22 |  1899 |
| 32 <> 33 |     12 |  1164 |
| 33 <> 34 |     13 |  2028 |
| 34 <> 35 |     17 |  1531 |
| 35 <> 36 |     17 |  1531 |
| 36 <> 37 |     18 |  2395 |
| 37 <> 38 |     17 |  1531 |
| 38 <> 39 |     12 |  1164 |
| 39 <> 40 |     17 |  1531 |
| 40 <> 41 |     17 |  1531 |
| 41 <> 42 |     12 |  1164 |
| 42 <> 43 |     17 |  1531 |
| 43 <> 44 |     17 |  1531 |
| 44 <> 45 |     19 |  1671 |
| 45 <> 46 |     13 |  1367 |
| 46 <> 47 |     17 |  1531 |
| 47 <> 48 |     17 |  1531 |
| 48 <> 49 |     12 |  1164 |
| 49 <> 50 |     27 |  2265 |
| 50 <> 51 |     12 |  1164 |
| 51 <> 52 |     12 |  1164 |
| 52 <> 53 |     12 |  1164 |
| 53 <> 54 |     12 |  1164 |
| 54 <> 55 |     12 |  1164 |
| 55 <> 56 |     22 |  1898 |
| 56 <> 57 |     17 |  1531 |
| 57 <> 58 |     12 |  1164 |
| 58 <> 59 |     17 |  1531 |
| 59 <> Dur|     27 |  2265 |
=============================
