Running as user "root" and group "root". This could be dangerous.

=============================
| IO Statistics             |
|                           |
| Duration: 59.654039 secs  |
| Interval:  1 secs         |
|                           |
| Col 1: tcp.port==2404     |
|---------------------------|
|          |1               |
| Interval | Frames | Bytes |
|---------------------------|
|  0 <>  1 |     21 |  1826 |
|  1 <>  2 |     12 |  1164 |
|  2 <>  3 |     12 |  1164 |
|  3 <>  4 |     12 |  1164 |
|  4 <>  5 |     15 |  1393 |
|  5 <>  6 |     19 |  1688 |
|  6 <>  7 |     17 |  1531 |
|  7 <>  8 |     23 |  1992 |
|  8 <>  9 |     20 |  1720 |
|  9 <> 10 |     25 |  2135 |
| 10 <> 11 |     24 |  2090 |
| 11 <> 12 |     17 |  1563 |
| 12 <> 13 |     27 |  2245 |
| 13 <> 14 |     11 |  1130 |
| 14 <> 15 |      9 |   883 |
| 15 <> 16 |     19 |  1603 |
| 16 <> 17 |      9 |   833 |
| 17 <> 18 |      6 |   604 |
| 18 <> 19 |     21 |  1671 |
| 19 <> 20 |      7 |   695 |
| 20 <> 21 |      5 |   448 |
| 21 <> 22 |      9 |   699 |
| 22 <> 23 |      0 |     0 |
| 23 <> 24 |      2 |   147 |
| 24 <> 25 |     47 |  4261 |
| 25 <> 26 |      3 |   291 |
| 26 <> 27 |     10 |   797 |
| 27 <> 28 |      3 |   291 |
| 28 <> 29 |     10 |   765 |
| 29 <> 30 |      6 |   489 |
| 30 <> 31 |      3 |   291 |
| 31 <> 32 |     43 |  4175 |
| 32 <> 33 |     69 |  6379 |
| 33 <> 34 |     16 |  1373 |
| 34 <> 35 |     20 |  1674 |
| 35 <> 36 |     10 |   939 |
| 36 <> 37 |     55 |  5332 |
| 37 <> 38 |     18 |  1597 |
| 38 <> 39 |     21 |  1833 |
| 39 <> 40 |     23 |  1964 |
| 40 <> 41 |     17 |  1531 |
| 41 <> 42 |     12 |  1164 |
| 42 <> 43 |     13 |  1230 |
| 43 <> 44 |     22 |  1898 |
| 44 <> 45 |     13 |  1230 |
| 45 <> 46 |     17 |  1531 |
| 46 <> 47 |     17 |  1531 |
| 47 <> 48 |     12 |  1164 |
| 48 <> 49 |     17 |  1531 |
| 49 <> 50 |     17 |  1531 |
| 50 <> 51 |     12 |  1164 |
| 51 <> 52 |     26 |  2199 |
| 52 <> 53 |     13 |  1230 |
| 53 <> 54 |     12 |  1164 |
| 54 <> 55 |     17 |  1531 |
| 55 <> 56 |     16 |  1465 |
| 56 <> 57 |     18 |  1597 |
| 57 <> 58 |     12 |  1164 |
| 58 <> 59 |     21 |  1832 |
| 59 <> Dur|     12 |  1015 |
=============================
