Running as user "root" and group "root". This could be dangerous.

=============================
| IO Statistics             |
|                           |
| Duration: 59.325034 secs  |
| Interval:  1 secs         |
|                           |
| Col 1: Frames and bytes   |
|---------------------------|
|          |1               |
| Interval | Frames | Bytes |
|---------------------------|
|  0 <>  1 |     18 |  1684 |
|  1 <>  2 |     18 |  1597 |
|  2 <>  3 |     12 |  1164 |
|  3 <>  4 |     21 |  1832 |
|  4 <>  5 |     22 |  1898 |
|  5 <>  6 |     11 |  1011 |
|  6 <>  7 |     13 |  1317 |
|  7 <>  8 |     15 |  1312 |
|  8 <>  9 |     32 |  2602 |
|  9 <> 10 |     37 |  3003 |
| 10 <> 11 |     32 |  2510 |
| 11 <> 12 |     36 |  2858 |
| 12 <> 13 |     36 |  2740 |
| 13 <> 14 |     31 |  2374 |
| 14 <> 15 |     18 |  1395 |
| 15 <> 16 |     16 |  1225 |
| 16 <> 17 |      2 |   147 |
| 17 <> 18 |      2 |   147 |
| 18 <> 19 |      2 |   138 |
| 19 <> 20 |      0 |     0 |
| 20 <> 21 |      4 |   294 |
| 21 <> 22 |      2 |   138 |
| 22 <> 23 |      4 |   294 |
| 23 <> 24 |      0 |     0 |
| 24 <> 25 |      0 |     0 |
| 25 <> 26 |      3 |   198 |
| 26 <> 27 |      3 |   198 |
| 27 <> 28 |      0 |     0 |
| 28 <> 29 |     59 |  5689 |
| 29 <> 30 |     57 |  5557 |
| 30 <> 31 |     20 |  1556 |
| 31 <> 32 |     10 |   884 |
| 32 <> 33 |      6 |   582 |
| 33 <> 34 |    108 | 10904 |
| 34 <> 35 |     12 |  1164 |
| 35 <> 36 |     27 |  2267 |
| 36 <> 37 |     16 |  1465 |
| 37 <> 38 |     12 |  1164 |
| 38 <> 39 |     17 |  1531 |
| 39 <> 40 |     16 |  1465 |
| 40 <> 41 |     22 |  1898 |
| 41 <> 42 |     12 |  1164 |
| 42 <> 43 |     12 |  1164 |
| 43 <> 44 |     12 |  1164 |
| 44 <> 45 |     12 |  1164 |
| 45 <> 46 |     12 |  1164 |
| 46 <> 47 |     17 |  1531 |
| 47 <> 48 |     26 |  2199 |
| 48 <> 49 |     12 |  1164 |
| 49 <> 50 |     12 |  1164 |
| 50 <> 51 |     12 |  1164 |
| 51 <> 52 |     12 |  1164 |
| 52 <> 53 |     17 |  1531 |
| 53 <> 54 |     16 |  1465 |
| 54 <> 55 |     12 |  1164 |
| 55 <> 56 |     22 |  1898 |
| 56 <> 57 |     22 |  1898 |
| 57 <> 58 |     12 |  1164 |
| 58 <> 59 |     12 |  1164 |
| 59 <> Dur|     12 |  1164 |
=============================
