Running as user "root" and group "root". This could be dangerous.

=============================
| IO Statistics             |
|                           |
| Duration: 59.891665 secs  |
| Interval:  1 secs         |
|                           |
| Col 1: tcp.port==2404     |
|---------------------------|
|          |1               |
| Interval | Frames | Bytes |
|---------------------------|
|  0 <>  1 |     18 |  1684 |
|  1 <>  2 |     12 |  1164 |
|  2 <>  3 |     17 |  1450 |
|  3 <>  4 |     17 |  1531 |
|  4 <>  5 |     17 |  1531 |
|  5 <>  6 |     17 |  1531 |
|  6 <>  7 |     22 |  1898 |
|  7 <>  8 |     21 |  1832 |
|  8 <>  9 |     33 |  2691 |
|  9 <> 10 |     35 |  2731 |
| 10 <> 11 |     27 |  2189 |
| 11 <> 12 |     33 |  2521 |
| 12 <> 13 |     22 |  1752 |
| 13 <> 14 |     32 |  2454 |
| 14 <> 15 |     25 |  1910 |
| 15 <> 16 |      8 |   566 |
| 16 <> 17 |      2 |   147 |
| 17 <> 18 |      0 |     0 |
| 18 <> 19 |      4 |   294 |
| 19 <> 20 |      0 |     0 |
| 20 <> 21 |      4 |   285 |
| 21 <> 22 |      5 |   336 |
| 22 <> 23 |      0 |     0 |
| 23 <> 24 |      4 |   285 |
| 24 <> 25 |     54 |  5074 |
| 25 <> 26 |      3 |   291 |
| 26 <> 27 |     11 |   857 |
| 27 <> 28 |     57 |  5464 |
| 28 <> 29 |      9 |   780 |
| 29 <> 30 |     55 |  5283 |
| 30 <> 31 |      7 |   735 |
| 31 <> 32 |     68 |  6544 |
| 32 <> 33 |     12 |  1164 |
| 33 <> 34 |     17 |  1532 |
| 34 <> 35 |     17 |  1531 |
| 35 <> 36 |     12 |  1164 |
| 36 <> 37 |     17 |  1531 |
| 37 <> 38 |     12 |  1164 |
| 38 <> 39 |     22 |  1898 |
| 39 <> 40 |     17 |  1531 |
| 40 <> 41 |     12 |  1164 |
| 41 <> 42 |     17 |  1531 |
| 42 <> 43 |     12 |  1164 |
| 43 <> 44 |     12 |  1164 |
| 44 <> 45 |     17 |  1531 |
| 45 <> 46 |     17 |  1531 |
| 46 <> 47 |     17 |  1531 |
| 47 <> 48 |     12 |  1164 |
| 48 <> 49 |     22 |  1898 |
| 49 <> 50 |     17 |  1531 |
| 50 <> 51 |     17 |  1531 |
| 51 <> 52 |     12 |  1164 |
| 52 <> 53 |     12 |  1164 |
| 53 <> 54 |     12 |  1164 |
| 54 <> 55 |     22 |  1898 |
| 55 <> 56 |     17 |  1531 |
| 56 <> 57 |     22 |  1898 |
| 57 <> 58 |     17 |  1531 |
| 58 <> 59 |     12 |  1164 |
| 59 <> Dur|      9 |   873 |
=============================
