Running as user "root" and group "root". This could be dangerous.

=============================
| IO Statistics             |
|                           |
| Duration: 59.506355 secs  |
| Interval:  1 secs         |
|                           |
| Col 1: tcp.port==2404     |
|---------------------------|
|          |1               |
| Interval | Frames | Bytes |
|---------------------------|
|  0 <>  1 |     13 |  1317 |
|  1 <>  2 |     12 |  1164 |
|  2 <>  3 |     16 |  1378 |
|  3 <>  4 |     22 |  1898 |
|  4 <>  5 |     17 |  1531 |
|  5 <>  6 |     13 |  1317 |
|  6 <>  7 |     16 |  1378 |
|  7 <>  8 |     17 |  1531 |
|  8 <>  9 |     20 |  1720 |
|  9 <> 10 |     32 |  2636 |
| 10 <> 11 |     30 |  2363 |
| 11 <> 12 |     36 |  2859 |
| 12 <> 13 |     29 |  2218 |
| 13 <> 14 |     26 |  2054 |
| 14 <> 15 |     27 |  2072 |
| 15 <> 16 |     21 |  1593 |
| 16 <> 17 |      0 |     0 |
| 17 <> 18 |      0 |     0 |
| 18 <> 19 |      2 |   147 |
| 19 <> 20 |      2 |   147 |
| 20 <> 21 |      3 |   198 |
| 21 <> 22 |      3 |   198 |
| 22 <> 23 |      0 |     0 |
| 23 <> 24 |     49 |  4564 |
| 24 <> 25 |     60 |  5290 |
| 25 <> 26 |     11 |   950 |
| 26 <> 27 |     11 |   950 |
| 27 <> 28 |     83 |  8045 |
| 28 <> 29 |     12 |  1164 |
| 29 <> 30 |     22 |  1900 |
| 30 <> 31 |     17 |  1531 |
| 31 <> 32 |     17 |  1531 |
| 32 <> 33 |     12 |  1164 |
| 33 <> 34 |     17 |  1531 |
| 34 <> 35 |     27 |  2265 |
| 35 <> 36 |     12 |  1164 |
| 36 <> 37 |     12 |  1164 |
| 37 <> 38 |     12 |  1164 |
| 38 <> 39 |     17 |  1531 |
| 39 <> 40 |     17 |  1531 |
| 40 <> 41 |     22 |  1898 |
| 41 <> 42 |     12 |  1164 |
| 42 <> 43 |     12 |  1164 |
| 43 <> 44 |     12 |  1164 |
| 44 <> 45 |     17 |  1531 |
| 45 <> 46 |     17 |  1531 |
| 46 <> 47 |     17 |  1531 |
| 47 <> 48 |     17 |  1531 |
| 48 <> 49 |     22 |  1898 |
| 49 <> 50 |     22 |  1898 |
| 50 <> 51 |     12 |  1164 |
| 51 <> 52 |     12 |  1164 |
| 52 <> 53 |     12 |  1164 |
| 53 <> 54 |     12 |  1164 |
| 54 <> 55 |     12 |  1164 |
| 55 <> 56 |     27 |  2265 |
| 56 <> 57 |     17 |  1531 |
| 57 <> 58 |     17 |  1531 |
| 58 <> 59 |     17 |  1531 |
| 59 <> Dur|      9 |   873 |
=============================
