Running as user "root" and group "root". This could be dangerous.

=============================
| IO Statistics             |
|                           |
| Duration: 59. 30988 secs  |
| Interval:  1 secs         |
|                           |
| Col 1: Frames and bytes   |
|---------------------------|
|          |1               |
| Interval | Frames | Bytes |
|---------------------------|
|  0 <>  1 |      5 |   510 |
|  1 <>  2 |      8 |   658 |
|  2 <>  3 |      3 |   291 |
|  3 <>  4 |      2 |   138 |
|  4 <>  5 |      3 |   291 |
|  5 <>  6 |     10 |  1612 |
|  6 <>  7 |      6 |   521 |
|  7 <>  8 |      3 |   291 |
|  8 <>  9 |      4 |   361 |
|  9 <> 10 |     15 |  1148 |
| 10 <> 11 |      4 |   357 |
| 11 <> 12 |      4 |  1274 |
| 12 <> 13 |      1 |   203 |
| 13 <> 14 |      0 |     0 |
| 14 <> 15 |      0 |     0 |
| 15 <> 16 |      3 |  1011 |
| 16 <> 17 |      0 |     0 |
| 17 <> 18 |      1 |   864 |
| 18 <> 19 |      0 |     0 |
| 19 <> 20 |      0 |     0 |
| 20 <> 21 |      0 |     0 |
| 21 <> 22 |      3 |   198 |
| 22 <> 23 |      0 |     0 |
| 23 <> 24 |      0 |     0 |
| 24 <> 25 |     47 |  4339 |
| 25 <> 26 |      3 |   291 |
| 26 <> 27 |      8 |   659 |
| 27 <> 28 |      3 |   291 |
| 28 <> 29 |      3 |   291 |
| 29 <> 30 |      3 |   291 |
| 30 <> 31 |      3 |   291 |
| 31 <> 32 |      8 |   658 |
| 32 <> 33 |      3 |   291 |
| 33 <> 34 |      8 |   658 |
| 34 <> 35 |      3 |   291 |
| 35 <> 36 |      3 |   291 |
| 36 <> 37 |      4 |   361 |
| 37 <> 38 |      3 |   291 |
| 38 <> 39 |      4 |   361 |
| 39 <> 40 |      3 |   291 |
| 40 <> 41 |      3 |   291 |
| 41 <> 42 |      3 |   291 |
| 42 <> 43 |      8 |   658 |
| 43 <> 44 |      5 |   564 |
| 44 <> 45 |      4 |   494 |
| 45 <> 46 |      5 |   471 |
| 46 <> 47 |      8 |   658 |
| 47 <> 48 |      6 |  2883 |
| 48 <> 49 |      9 |  1522 |
| 49 <> 50 |      3 |   291 |
| 50 <> 51 |      3 |   291 |
| 51 <> 52 |      3 |   291 |
| 52 <> 53 |      3 |   291 |
| 53 <> 54 |      3 |   291 |
| 54 <> 55 |      3 |   291 |
| 55 <> 56 |      8 |   658 |
| 56 <> 57 |      3 |   291 |
| 57 <> 58 |      3 |   291 |
| 58 <> 59 |      3 |   291 |
| 59 <> Dur|      3 |   291 |
=============================
