Running as user "root" and group "root". This could be dangerous.

=============================
| IO Statistics             |
|                           |
| Duration: 59.483081 secs  |
| Interval:  1 secs         |
|                           |
| Col 1: tcp.port==2404     |
|---------------------------|
|          |1               |
| Interval | Frames | Bytes |
|---------------------------|
|  0 <>  1 |     20 |  1744 |
|  1 <>  2 |     17 |  1531 |
|  2 <>  3 |     20 |  1766 |
|  3 <>  4 |     16 |  1465 |
|  4 <>  5 |     18 |  1597 |
|  5 <>  6 |     17 |  1531 |
|  6 <>  7 |     20 |  1766 |
|  7 <>  8 |     16 |  1465 |
|  8 <>  9 |     22 |  1867 |
|  9 <> 10 |     31 |  2604 |
| 10 <> 11 |     34 |  2986 |
| 11 <> 12 |     21 |  1845 |
| 12 <> 13 |     18 |  1485 |
| 13 <> 14 |      7 |   691 |
| 14 <> 15 |      2 |   147 |
| 15 <> 16 |      2 |   147 |
| 16 <> 17 |      2 |   147 |
| 17 <> 18 |      0 |     0 |
| 18 <> 19 |      4 |   270 |
| 19 <> 20 |      4 |   294 |
| 20 <> 21 |      0 |     0 |
| 21 <> 22 |     24 |  2149 |
| 22 <> 23 |     30 |  2574 |
| 23 <> 24 |      6 |   521 |
| 24 <> 25 |     50 |  4630 |
| 25 <> 26 |      8 |   720 |
| 26 <> 27 |      9 |   812 |
| 27 <> 28 |     11 |   918 |
| 28 <> 29 |      7 |   673 |
| 29 <> 30 |     10 |   858 |
| 30 <> 31 |     63 |  5953 |
| 31 <> 32 |     12 |  1102 |
| 32 <> 33 |     16 |  1379 |
| 33 <> 34 |     74 |  7088 |
| 34 <> 35 |     13 |  1255 |
| 35 <> 36 |     18 |  1604 |
| 36 <> 37 |     11 |  1092 |
| 37 <> 38 |     19 |  1669 |
| 38 <> 39 |     10 |  1026 |
| 39 <> 40 |     16 |  1465 |
| 40 <> 41 |     20 |  1760 |
| 41 <> 42 |     12 |  1164 |
| 42 <> 43 |     16 |  1459 |
| 43 <> 44 |     15 |  1393 |
| 44 <> 45 |     14 |  1302 |
| 45 <> 46 |     17 |  1531 |
| 46 <> 47 |     15 |  1393 |
| 47 <> 48 |     19 |  1669 |
| 48 <> 49 |     18 |  1622 |
| 49 <> 50 |     14 |  1302 |
| 50 <> 51 |     17 |  1531 |
| 51 <> 52 |     18 |  1622 |
| 52 <> 53 |     12 |  1164 |
| 53 <> 54 |     17 |  1531 |
| 54 <> 55 |     15 |  1393 |
| 55 <> 56 |     17 |  1531 |
| 56 <> 57 |     22 |  1898 |
| 57 <> 58 |     12 |  1164 |
| 58 <> 59 |     12 |  1164 |
| 59 <> Dur|     11 |  1011 |
=============================
