Running as user "root" and group "root". This could be dangerous.

=============================
| IO Statistics             |
|                           |
| Duration: 59.588236 secs  |
| Interval:  1 secs         |
|                           |
| Col 1: tcp.port==2404     |
|---------------------------|
|          |1               |
| Interval | Frames | Bytes |
|---------------------------|
|  0 <>  1 |     13 |  1317 |
|  1 <>  2 |     12 |  1164 |
|  2 <>  3 |     15 |  1312 |
|  3 <>  4 |     17 |  1531 |
|  4 <>  5 |     16 |  1465 |
|  5 <>  6 |     17 |  1531 |
|  6 <>  7 |     12 |  1164 |
|  7 <>  8 |     12 |  1164 |
|  8 <>  9 |     19 |  1654 |
|  9 <> 10 |     25 |  2129 |
| 10 <> 11 |     26 |  2237 |
| 11 <> 12 |     21 |  1889 |
| 12 <> 13 |     24 |  2084 |
| 13 <> 14 |     18 |  1627 |
| 14 <> 15 |     20 |  1596 |
| 15 <> 16 |      9 |   762 |
| 16 <> 17 |      5 |   460 |
| 17 <> 18 |      2 |   219 |
| 18 <> 19 |      0 |     0 |
| 19 <> 20 |      4 |   270 |
| 20 <> 21 |      4 |   294 |
| 21 <> 22 |      2 |   147 |
| 22 <> 23 |     43 |  3904 |
| 23 <> 24 |      7 |   576 |
| 24 <> 25 |      9 |   731 |
| 25 <> 26 |      6 |   489 |
| 26 <> 27 |      7 |   561 |
| 27 <> 28 |      3 |   291 |
| 28 <> 29 |     46 |  4459 |
| 29 <> 30 |     56 |  5063 |
| 30 <> 31 |     13 |  1175 |
| 31 <> 32 |     14 |  1241 |
| 32 <> 33 |     66 |  6430 |
| 33 <> 34 |     12 |  1164 |
| 34 <> 35 |     17 |  1532 |
| 35 <> 36 |     16 |  1465 |
| 36 <> 37 |     17 |  1531 |
| 37 <> 38 |     12 |  1164 |
| 38 <> 39 |     16 |  1465 |
| 39 <> 40 |     17 |  1531 |
| 40 <> 41 |     12 |  1164 |
| 41 <> 42 |     16 |  1465 |
| 42 <> 43 |     17 |  1531 |
| 43 <> 44 |     16 |  1465 |
| 44 <> 45 |     17 |  1531 |
| 45 <> 46 |     16 |  1465 |
| 46 <> 47 |     17 |  1531 |
| 47 <> 48 |     12 |  1164 |
| 48 <> 49 |     12 |  1164 |
| 49 <> 50 |     16 |  1465 |
| 50 <> 51 |     17 |  1531 |
| 51 <> 52 |     12 |  1164 |
| 52 <> 53 |     16 |  1465 |
| 53 <> 54 |     17 |  1531 |
| 54 <> 55 |     16 |  1465 |
| 55 <> 56 |     17 |  1531 |
| 56 <> 57 |     16 |  1465 |
| 57 <> 58 |     21 |  1832 |
| 58 <> 59 |     17 |  1531 |
| 59 <> Dur|     16 |  1465 |
=============================
