Running as user "root" and group "root". This could be dangerous.

=============================
| IO Statistics             |
|                           |
| Duration: 59. 66311 secs  |
| Interval:  1 secs         |
|                           |
| Col 1: Frames and bytes   |
|---------------------------|
|          |1               |
| Interval | Frames | Bytes |
|---------------------------|
|  0 <>  1 |      3 |   291 |
|  1 <>  2 |      7 |   592 |
|  2 <>  3 |      3 |   291 |
|  3 <>  4 |      6 |  1335 |
|  4 <>  5 |      6 |  1335 |
|  5 <>  6 |      3 |   291 |
|  6 <>  7 |      5 |  2019 |
|  7 <>  8 |      3 |   291 |
|  8 <>  9 |     17 |  1296 |
|  9 <> 10 |     14 |  2731 |
| 10 <> 11 |      3 |   317 |
| 11 <> 12 |      2 |   207 |
| 12 <> 13 |      4 |  1875 |
| 13 <> 14 |      0 |     0 |
| 14 <> 15 |      0 |     0 |
| 15 <> 16 |      0 |     0 |
| 16 <> 17 |      0 |     0 |
| 17 <> 18 |      0 |     0 |
| 18 <> 19 |      5 |   340 |
| 19 <> 20 |      0 |     0 |
| 20 <> 21 |      1 |    70 |
| 21 <> 22 |      5 |   352 |
| 22 <> 23 |     36 |  3405 |
| 23 <> 24 |      5 |   439 |
| 24 <> 25 |      5 |   445 |
| 25 <> 26 |      3 |   291 |
| 26 <> 27 |      5 |   697 |
| 27 <> 28 |      3 |   291 |
| 28 <> 29 |      6 |   520 |
| 29 <> 30 |      4 |   363 |
| 30 <> 31 |      3 |   291 |
| 31 <> 32 |      3 |   291 |
| 32 <> 33 |      3 |   291 |
| 33 <> 34 |      3 |   291 |
| 34 <> 35 |      3 |   291 |
| 35 <> 36 |      3 |   291 |
| 36 <> 37 |      3 |   291 |
| 37 <> 38 |      4 |   372 |
| 38 <> 39 |      6 |   511 |
| 39 <> 40 |      3 |   291 |
| 40 <> 41 |      3 |   291 |
| 41 <> 42 |      3 |   291 |
| 42 <> 43 |      3 |   291 |
| 43 <> 44 |      3 |   291 |
| 44 <> 45 |      4 |   372 |
| 45 <> 46 |      6 |   511 |
| 46 <> 47 |      3 |   291 |
| 47 <> 48 |      3 |   291 |
| 48 <> 49 |      5 |   438 |
| 49 <> 50 |      5 |   445 |
| 50 <> 51 |      3 |   291 |
| 51 <> 52 |      3 |   291 |
| 52 <> 53 |      3 |   291 |
| 53 <> 54 |      3 |   291 |
| 54 <> 55 |      3 |   291 |
| 55 <> 56 |      3 |   291 |
| 56 <> 57 |      4 |   372 |
| 57 <> 58 |      6 |   511 |
| 58 <> 59 |      4 |   372 |
| 59 <> Dur|      6 |   511 |
=============================
