Running as user "root" and group "root". This could be dangerous.

=============================
| IO Statistics             |
|                           |
| Duration: 59.773760 secs  |
| Interval:  1 secs         |
|                           |
| Col 1: Frames and bytes   |
|---------------------------|
|          |1               |
| Interval | Frames | Bytes |
|---------------------------|
|  0 <>  1 |     14 |  1304 |
|  1 <>  2 |     12 |  1164 |
|  2 <>  3 |     12 |  1164 |
|  3 <>  4 |     12 |  1164 |
|  4 <>  5 |     13 |  1367 |
|  5 <>  6 |     16 |  1465 |
|  6 <>  7 |     21 |  1832 |
|  7 <>  8 |     16 |  1465 |
|  8 <>  9 |     16 |  1465 |
|  9 <> 10 |     34 |  2775 |
| 10 <> 11 |     22 |  1914 |
| 11 <> 12 |     19 |  1650 |
| 12 <> 13 |     24 |  2085 |
| 13 <> 14 |     11 |  1061 |
| 14 <> 15 |     15 |  1234 |
| 15 <> 16 |      9 |   762 |
| 16 <> 17 |      5 |   460 |
| 17 <> 18 |      6 |   513 |
| 18 <> 19 |      4 |   294 |
| 19 <> 20 |      5 |   345 |
| 20 <> 21 |      4 |   294 |
| 21 <> 22 |      3 |   198 |
| 22 <> 23 |     48 |  4312 |
| 23 <> 24 |      3 |   291 |
| 24 <> 25 |     53 |  4680 |
| 25 <> 26 |      6 |   582 |
| 26 <> 27 |     14 |  1148 |
| 27 <> 28 |      9 |   780 |
| 28 <> 29 |      6 |   582 |
| 29 <> 30 |     58 |  5474 |
| 30 <> 31 |     61 |  5682 |
| 31 <> 32 |     22 |  1899 |
| 32 <> 33 |     18 |  1602 |
| 33 <> 34 |     17 |  1531 |
| 34 <> 35 |     17 |  1531 |
| 35 <> 36 |     12 |  1164 |
| 36 <> 37 |     18 |  1734 |
| 37 <> 38 |     17 |  1531 |
| 38 <> 39 |     17 |  1531 |
| 39 <> 40 |     17 |  1531 |
| 40 <> 41 |     12 |  1164 |
| 41 <> 42 |     12 |  1164 |
| 42 <> 43 |     12 |  1164 |
| 43 <> 44 |     12 |  1164 |
| 44 <> 45 |     12 |  1164 |
| 45 <> 46 |     22 |  1898 |
| 46 <> 47 |     22 |  1898 |
| 47 <> 48 |     12 |  1164 |
| 48 <> 49 |     17 |  1531 |
| 49 <> 50 |     17 |  1531 |
| 50 <> 51 |     12 |  1164 |
| 51 <> 52 |     22 |  1898 |
| 52 <> 53 |     22 |  1898 |
| 53 <> 54 |     12 |  1164 |
| 54 <> 55 |     12 |  1164 |
| 55 <> 56 |     22 |  1898 |
| 56 <> 57 |     22 |  1898 |
| 57 <> 58 |     12 |  1164 |
| 58 <> 59 |     12 |  1164 |
| 59 <> Dur|     12 |  1164 |
=============================
