Running as user "root" and group "root". This could be dangerous.

=============================
| IO Statistics             |
|                           |
| Duration: 59.747218 secs  |
| Interval:  1 secs         |
|                           |
| Col 1: Frames and bytes   |
|---------------------------|
|          |1               |
| Interval | Frames | Bytes |
|---------------------------|
|  0 <>  1 |     18 |  1597 |
|  1 <>  2 |     17 |  1531 |
|  2 <>  3 |     17 |  1531 |
|  3 <>  4 |     22 |  1898 |
|  4 <>  5 |     17 |  1531 |
|  5 <>  6 |     12 |  1164 |
|  6 <>  7 |     22 |  1898 |
|  7 <>  8 |     12 |  1164 |
|  8 <>  9 |     19 |  1654 |
|  9 <> 10 |     27 |  2268 |
| 10 <> 11 |     37 |  2955 |
| 11 <> 12 |     43 |  3373 |
| 12 <> 13 |     30 |  2362 |
| 13 <> 14 |     26 |  2054 |
| 14 <> 15 |     28 |  2075 |
| 15 <> 16 |     23 |  1763 |
| 16 <> 17 |      3 |   198 |
| 17 <> 18 |      0 |     0 |
| 18 <> 19 |      0 |     0 |
| 19 <> 20 |      5 |   345 |
| 20 <> 21 |      4 |   294 |
| 21 <> 22 |      4 |   285 |
| 22 <> 23 |     45 |  4114 |
| 23 <> 24 |      5 |   438 |
| 24 <> 25 |     11 |   857 |
| 25 <> 26 |     40 |  3877 |
| 26 <> 27 |      6 |   582 |
| 27 <> 28 |     47 |  4695 |
| 28 <> 29 |     23 |  1851 |
| 29 <> 30 |     18 |  1542 |
| 30 <> 31 |     18 |  1504 |
| 31 <> 32 |      9 |   873 |
| 32 <> 33 |     14 |  1240 |
| 33 <> 34 |     60 |  5941 |
| 34 <> 35 |     21 |  1832 |
| 35 <> 36 |     18 |  1598 |
| 36 <> 37 |     12 |  1164 |
| 37 <> 38 |     12 |  1164 |
| 38 <> 39 |     12 |  1164 |
| 39 <> 40 |     17 |  1531 |
| 40 <> 41 |     26 |  2199 |
| 41 <> 42 |     13 |  1230 |
| 42 <> 43 |     12 |  1164 |
| 43 <> 44 |     12 |  1164 |
| 44 <> 45 |     21 |  1832 |
| 45 <> 46 |     22 |  1898 |
| 46 <> 47 |     18 |  1597 |
| 47 <> 48 |     26 |  2199 |
| 48 <> 49 |     22 |  1898 |
| 49 <> 50 |     13 |  1230 |
| 50 <> 51 |     21 |  1832 |
| 51 <> 52 |     13 |  1230 |
| 52 <> 53 |     12 |  1164 |
| 53 <> 54 |     21 |  1832 |
| 54 <> 55 |     27 |  2265 |
| 55 <> 56 |     18 |  1597 |
| 56 <> 57 |     12 |  1164 |
| 57 <> 58 |     12 |  1164 |
| 58 <> 59 |     12 |  1164 |
| 59 <> Dur|      9 |   873 |
=============================
