Running as user "root" and group "root". This could be dangerous.

=============================
| IO Statistics             |
|                           |
| Duration: 59.568350 secs  |
| Interval:  1 secs         |
|                           |
| Col 1: tcp.port==2404     |
|---------------------------|
|          |1               |
| Interval | Frames | Bytes |
|---------------------------|
|  0 <>  1 |     14 |  1383 |
|  1 <>  2 |     15 |  1393 |
|  2 <>  3 |     11 |  1011 |
|  3 <>  4 |     12 |  1164 |
|  4 <>  5 |     12 |  1164 |
|  5 <>  6 |     17 |  1531 |
|  6 <>  7 |     17 |  1546 |
|  7 <>  8 |     15 |  1384 |
|  8 <>  9 |     22 |  1868 |
|  9 <> 10 |     23 |  1949 |
| 10 <> 11 |     23 |  1924 |
| 11 <> 12 |     16 |  1411 |
| 12 <> 13 |     23 |  1900 |
| 13 <> 14 |     11 |  1031 |
| 14 <> 15 |      8 |   740 |
| 15 <> 16 |     23 |  1807 |
| 16 <> 17 |      8 |   697 |
| 17 <> 18 |      3 |   313 |
| 18 <> 19 |      2 |   219 |
| 19 <> 20 |      0 |     0 |
| 20 <> 21 |      2 |   147 |
| 21 <> 22 |      2 |   147 |
| 22 <> 23 |      0 |     0 |
| 23 <> 24 |      5 |   345 |
| 24 <> 25 |      3 |   198 |
| 25 <> 26 |      0 |     0 |
| 26 <> 27 |     63 |  5767 |
| 27 <> 28 |     57 |  5284 |
| 28 <> 29 |     11 |   950 |
| 29 <> 30 |     57 |  5316 |
| 30 <> 31 |      9 |   873 |
| 31 <> 32 |     16 |  1379 |
| 32 <> 33 |     12 |  1071 |
| 33 <> 34 |     14 |  1240 |
| 34 <> 35 |     19 |  1607 |
| 35 <> 36 |     73 |  6780 |
| 36 <> 37 |     22 |  1898 |
| 37 <> 38 |     17 |  1532 |
| 38 <> 39 |     17 |  1531 |
| 39 <> 40 |     17 |  1531 |
| 40 <> 41 |     12 |  1164 |
| 41 <> 42 |     12 |  1164 |
| 42 <> 43 |     17 |  1531 |
| 43 <> 44 |     17 |  1531 |
| 44 <> 45 |     22 |  1898 |
| 45 <> 46 |     22 |  1898 |
| 46 <> 47 |     17 |  1531 |
| 47 <> 48 |     12 |  1164 |
| 48 <> 49 |     12 |  1164 |
| 49 <> 50 |     12 |  1164 |
| 50 <> 51 |     17 |  1531 |
| 51 <> 52 |     17 |  1531 |
| 52 <> 53 |     12 |  1164 |
| 53 <> 54 |     17 |  1531 |
| 54 <> 55 |     17 |  1531 |
| 55 <> 56 |     17 |  1531 |
| 56 <> 57 |     17 |  1531 |
| 57 <> 58 |     12 |  1164 |
| 58 <> 59 |     12 |  1164 |
| 59 <> Dur|     14 |  1240 |
=============================
