Running as user "root" and group "root". This could be dangerous.

=============================
| IO Statistics             |
|                           |
| Duration: 59.775802 secs  |
| Interval:  1 secs         |
|                           |
| Col 1: Frames and bytes   |
|---------------------------|
|          |1               |
| Interval | Frames | Bytes |
|---------------------------|
|  0 <>  1 |     13 |  1317 |
|  1 <>  2 |     15 |  1312 |
|  2 <>  3 |     12 |  1164 |
|  3 <>  4 |     12 |  1164 |
|  4 <>  5 |     12 |  1164 |
|  5 <>  6 |     19 |  1694 |
|  6 <>  7 |     20 |  1760 |
|  7 <>  8 |     14 |  1296 |
|  8 <>  9 |     24 |  2021 |
|  9 <> 10 |     32 |  2586 |
| 10 <> 11 |     23 |  1885 |
| 11 <> 12 |     21 |  1756 |
| 12 <> 13 |     14 |  1140 |
| 13 <> 14 |      2 |   219 |
| 14 <> 15 |      4 |   294 |
| 15 <> 16 |      2 |   147 |
| 16 <> 17 |      0 |     0 |
| 17 <> 18 |      4 |   294 |
| 18 <> 19 |      0 |     0 |
| 19 <> 20 |      7 |   492 |
| 20 <> 21 |      0 |     0 |
| 21 <> 22 |      1 |    70 |
| 22 <> 23 |     57 |  5005 |
| 23 <> 24 |      3 |   291 |
| 24 <> 25 |     10 |   797 |
| 25 <> 26 |     52 |  4762 |
| 26 <> 27 |      6 |   582 |
| 27 <> 28 |     15 |  1351 |
| 28 <> 29 |      9 |   780 |
| 29 <> 30 |     11 |   949 |
| 30 <> 31 |     73 |  6836 |
| 31 <> 32 |     64 |  6209 |
| 32 <> 33 |     22 |  1899 |
| 33 <> 34 |     22 |  1899 |
| 34 <> 35 |     12 |  1164 |
| 35 <> 36 |     12 |  1164 |
| 36 <> 37 |     12 |  1164 |
| 37 <> 38 |     22 |  1898 |
| 38 <> 39 |     17 |  1531 |
| 39 <> 40 |     12 |  1164 |
| 40 <> 41 |     17 |  1531 |
| 41 <> 42 |     12 |  1164 |
| 42 <> 43 |     12 |  1164 |
| 43 <> 44 |     17 |  1531 |
| 44 <> 45 |     12 |  1164 |
| 45 <> 46 |     17 |  1531 |
| 46 <> 47 |     17 |  1531 |
| 47 <> 48 |     17 |  1531 |
| 48 <> 49 |     17 |  1531 |
| 49 <> 50 |     17 |  1531 |
| 50 <> 51 |     17 |  1531 |
| 51 <> 52 |     12 |  1164 |
| 52 <> 53 |     12 |  1164 |
| 53 <> 54 |     12 |  1164 |
| 54 <> 55 |     27 |  2265 |
| 55 <> 56 |     12 |  1164 |
| 56 <> 57 |     17 |  1531 |
| 57 <> 58 |     12 |  1164 |
| 58 <> 59 |     12 |  1164 |
| 59 <> Dur|     17 |  1531 |
=============================
