Running as user "root" and group "root". This could be dangerous.

=============================
| IO Statistics             |
|                           |
| Duration: 59.583137 secs  |
| Interval:  1 secs         |
|                           |
| Col 1: tcp.port==2404     |
|---------------------------|
|          |1               |
| Interval | Frames | Bytes |
|---------------------------|
|  0 <>  1 |     15 |  1368 |
|  1 <>  2 |     13 |  1230 |
|  2 <>  3 |     29 |  2428 |
|  3 <>  4 |     23 |  1992 |
|  4 <>  5 |     12 |  1164 |
|  5 <>  6 |     19 |  1688 |
|  6 <>  7 |     19 |  1688 |
|  7 <>  8 |     13 |  1230 |
|  8 <>  9 |     33 |  2714 |
|  9 <> 10 |     22 |  1900 |
| 10 <> 11 |     16 |  1488 |
| 11 <> 12 |     20 |  1758 |
| 12 <> 13 |     13 |  1204 |
| 13 <> 14 |     15 |  1403 |
| 14 <> 15 |      9 |   883 |
| 15 <> 16 |     24 |  1967 |
| 16 <> 17 |      6 |   592 |
| 17 <> 18 |      6 |   592 |
| 18 <> 19 |     16 |  1312 |
| 19 <> 20 |      5 |   476 |
| 20 <> 21 |      6 |   526 |
| 21 <> 22 |      4 |   366 |
| 22 <> 23 |      2 |   147 |
| 23 <> 24 |      0 |     0 |
| 24 <> 25 |      3 |   198 |
| 25 <> 26 |      3 |   198 |
| 26 <> 27 |      0 |     0 |
| 27 <> 28 |     58 |  5251 |
| 28 <> 29 |     57 |  5092 |
| 29 <> 30 |     12 |  1016 |
| 30 <> 31 |     54 |  4932 |
| 31 <> 32 |     50 |  4537 |
| 32 <> 33 |     17 |  1532 |
| 33 <> 34 |     17 |  1532 |
| 34 <> 35 |     17 |  1531 |
| 35 <> 36 |     18 |  1597 |
| 36 <> 37 |     12 |  1164 |
| 37 <> 38 |     24 |  2030 |
| 38 <> 39 |     27 |  2265 |
| 39 <> 40 |     14 |  1321 |
| 40 <> 41 |     24 |  2005 |
| 41 <> 42 |     17 |  1531 |
| 42 <> 43 |     12 |  1164 |
| 43 <> 44 |     17 |  1531 |
| 44 <> 45 |     22 |  1898 |
| 45 <> 46 |     17 |  1531 |
| 46 <> 47 |     12 |  1164 |
| 47 <> 48 |     12 |  1164 |
| 48 <> 49 |     22 |  1898 |
| 49 <> 50 |     22 |  1898 |
| 50 <> 51 |     12 |  1164 |
| 51 <> 52 |     17 |  1531 |
| 52 <> 53 |     22 |  1898 |
| 53 <> 54 |     17 |  1531 |
| 54 <> 55 |     12 |  1164 |
| 55 <> 56 |     12 |  1164 |
| 56 <> 57 |     17 |  1531 |
| 57 <> 58 |     17 |  1531 |
| 58 <> 59 |     12 |  1164 |
| 59 <> Dur|     11 |   949 |
=============================
