Running as user "root" and group "root". This could be dangerous.

=============================
| IO Statistics             |
|                           |
| Duration: 58.984514 secs  |
| Interval:  1 secs         |
|                           |
| Col 1: Frames and bytes   |
|---------------------------|
|          |1               |
| Interval | Frames | Bytes |
|---------------------------|
|  0 <>  1 |      7 |   561 |
|  1 <>  2 |      3 |   291 |
|  2 <>  3 |      5 |   454 |
|  3 <>  4 |      4 |   357 |
|  4 <>  5 |      3 |   291 |
|  5 <>  6 |      5 |   454 |
|  6 <>  7 |      6 |   520 |
|  7 <>  8 |      4 |   357 |
|  8 <>  9 |      7 |   594 |
|  9 <> 10 |      4 |   357 |
| 10 <> 11 |      4 |   361 |
| 11 <> 12 |     10 |  1049 |
| 12 <> 13 |      4 |   357 |
| 13 <> 14 |      2 |   219 |
| 14 <> 15 |      2 |   219 |
| 15 <> 16 |      4 |   354 |
| 16 <> 17 |      0 |     0 |
| 17 <> 18 |      0 |     0 |
| 18 <> 19 |      0 |     0 |
| 19 <> 20 |      0 |     0 |
| 20 <> 21 |      0 |     0 |
| 21 <> 22 |      0 |     0 |
| 22 <> 23 |      0 |     0 |
| 23 <> 24 |      1 |    90 |
| 24 <> 25 |      1 |    90 |
| 25 <> 26 |      4 |  1062 |
| 26 <> 27 |      0 |     0 |
| 27 <> 28 |      1 |   864 |
| 28 <> 29 |     51 |  5395 |
| 29 <> 30 |      3 |   291 |
| 30 <> 31 |     10 |   797 |
| 31 <> 32 |      1 |   153 |
| 32 <> 33 |      7 |  1383 |
| 33 <> 34 |      2 |   243 |
| 34 <> 35 |      6 |  1293 |
| 35 <> 36 |      6 |   520 |
| 36 <> 37 |      3 |   291 |
| 37 <> 38 |      6 |  1293 |
| 38 <> 39 |     10 |  2386 |
| 39 <> 40 |      6 |   520 |
| 40 <> 41 |      7 |   561 |
| 41 <> 42 |      9 |   728 |
| 42 <> 43 |      4 |   361 |
| 43 <> 44 |      5 |   697 |
| 44 <> 45 |      3 |   291 |
| 45 <> 46 |      4 |   361 |
| 46 <> 47 |      3 |   291 |
| 47 <> 48 |      3 |   291 |
| 48 <> 49 |      3 |   291 |
| 49 <> 50 |      8 |   658 |
| 50 <> 51 |      3 |   291 |
| 51 <> 52 |      3 |   291 |
| 52 <> 53 |      3 |   291 |
| 53 <> 54 |      3 |   291 |
| 54 <> 55 |      3 |   291 |
| 55 <> 56 |      3 |   291 |
| 56 <> 57 |      3 |   291 |
| 57 <> 58 |      8 |   658 |
| 58 <> Dur|      3 |   291 |
=============================
