Running as user "root" and group "root". This could be dangerous.

=============================
| IO Statistics             |
|                           |
| Duration: 59.519476 secs  |
| Interval:  1 secs         |
|                           |
| Col 1: Frames and bytes   |
|---------------------------|
|          |1               |
| Interval | Frames | Bytes |
|---------------------------|
|  0 <>  1 |     22 |  1985 |
|  1 <>  2 |     12 |  1077 |
|  2 <>  3 |     13 |  1317 |
|  3 <>  4 |     11 |  1011 |
|  4 <>  5 |     12 |  1164 |
|  5 <>  6 |     12 |  1164 |
|  6 <>  7 |     31 |  2566 |
|  7 <>  8 |     13 |  1230 |
|  8 <>  9 |     19 |  1654 |
|  9 <> 10 |     33 |  2702 |
| 10 <> 11 |     34 |  2657 |
| 11 <> 12 |     30 |  2429 |
| 12 <> 13 |     25 |  1995 |
| 13 <> 14 |     29 |  2282 |
| 14 <> 15 |     32 |  2321 |
| 15 <> 16 |     21 |  1593 |
| 16 <> 17 |      0 |     0 |
| 17 <> 18 |      0 |     0 |
| 18 <> 19 |      4 |   294 |
| 19 <> 20 |      5 |   345 |
| 20 <> 21 |      2 |   138 |
| 21 <> 22 |      4 |   294 |
| 22 <> 23 |     47 |  4339 |
| 23 <> 24 |      6 |   489 |
| 24 <> 25 |     11 |   869 |
| 25 <> 26 |      4 |   357 |
| 26 <> 27 |     49 |  4657 |
| 27 <> 28 |      6 |   582 |
| 28 <> 29 |     11 |   950 |
| 29 <> 30 |     17 |  1345 |
| 30 <> 31 |      6 |   582 |
| 31 <> 32 |      6 |   582 |
| 32 <> 33 |     66 |  6359 |
| 33 <> 34 |     65 |  6422 |
| 34 <> 35 |     21 |  1834 |
| 35 <> 36 |     13 |  1230 |
| 36 <> 37 |     12 |  1164 |
| 37 <> 38 |     12 |  1164 |
| 38 <> 39 |     12 |  1164 |
| 39 <> 40 |     21 |  1832 |
| 40 <> 41 |     13 |  1230 |
| 41 <> 42 |     12 |  1164 |
| 42 <> 43 |     22 |  1898 |
| 43 <> 44 |     13 |  1234 |
| 44 <> 45 |     21 |  1832 |
| 45 <> 46 |     13 |  1230 |
| 46 <> 47 |     12 |  1164 |
| 47 <> 48 |     22 |  1898 |
| 48 <> 49 |     21 |  1832 |
| 49 <> 50 |     13 |  1230 |
| 50 <> 51 |     12 |  1164 |
| 51 <> 52 |     12 |  1164 |
| 52 <> 53 |     12 |  1164 |
| 53 <> 54 |     12 |  1164 |
| 54 <> 55 |     21 |  1832 |
| 55 <> 56 |     23 |  1964 |
| 56 <> 57 |     12 |  1164 |
| 57 <> 58 |     12 |  1164 |
| 58 <> 59 |     12 |  1164 |
| 59 <> Dur|      9 |   873 |
=============================
