Running as user "root" and group "root". This could be dangerous.

=============================
| IO Statistics             |
|                           |
| Duration: 59.655357 secs  |
| Interval:  1 secs         |
|                           |
| Col 1: tcp.port==2404     |
|---------------------------|
|          |1               |
| Interval | Frames | Bytes |
|---------------------------|
|  0 <>  1 |     14 |  1383 |
|  1 <>  2 |     13 |  1230 |
|  2 <>  3 |     13 |  1245 |
|  3 <>  4 |     17 |  1541 |
|  4 <>  5 |     22 |  1923 |
|  5 <>  6 |     15 |  1318 |
|  6 <>  7 |     16 |  1552 |
|  7 <>  8 |     12 |  1164 |
|  8 <>  9 |     11 |  1011 |
|  9 <> 10 |     33 |  2703 |
| 10 <> 11 |     24 |  2147 |
| 11 <> 12 |     20 |  1753 |
| 12 <> 13 |     23 |  1915 |
| 13 <> 14 |     16 |  1440 |
| 14 <> 15 |     19 |  1591 |
| 15 <> 16 |     14 |  1210 |
| 16 <> 17 |      3 |   313 |
| 17 <> 18 |      5 |   448 |
| 18 <> 19 |      2 |   147 |
| 19 <> 20 |      0 |     0 |
| 20 <> 21 |      2 |   147 |
| 21 <> 22 |      3 |   210 |
| 22 <> 23 |      3 |   213 |
| 23 <> 24 |      0 |     0 |
| 24 <> 25 |      7 |   468 |
| 25 <> 26 |      3 |   198 |
| 26 <> 27 |      0 |     0 |
| 27 <> 28 |    102 |  9206 |
| 28 <> 29 |     64 |  6019 |
| 29 <> 30 |     22 |  1807 |
| 30 <> 31 |     14 |  1241 |
| 31 <> 32 |      9 |   873 |
| 32 <> 33 |     59 |  5596 |
| 33 <> 34 |     12 |  1164 |
| 34 <> 35 |     27 |  2266 |
| 35 <> 36 |     17 |  1531 |
| 36 <> 37 |     12 |  1164 |
| 37 <> 38 |     12 |  1164 |
| 38 <> 39 |     12 |  1164 |
| 39 <> 40 |     22 |  1898 |
| 40 <> 41 |     12 |  1164 |
| 41 <> 42 |     17 |  1531 |
| 42 <> 43 |     22 |  1898 |
| 43 <> 44 |     17 |  1531 |
| 44 <> 45 |     17 |  1531 |
| 45 <> 46 |     12 |  1164 |
| 46 <> 47 |     12 |  1164 |
| 47 <> 48 |     22 |  1898 |
| 48 <> 49 |     12 |  1164 |
| 49 <> 50 |     12 |  1164 |
| 50 <> 51 |     12 |  1164 |
| 51 <> 52 |     17 |  1531 |
| 52 <> 53 |     22 |  1898 |
| 53 <> 54 |     17 |  1531 |
| 54 <> 55 |     17 |  1531 |
| 55 <> 56 |     17 |  1531 |
| 56 <> 57 |     12 |  1164 |
| 57 <> 58 |     12 |  1164 |
| 58 <> 59 |     17 |  1531 |
| 59 <> Dur|     12 |  1164 |
=============================
