Running as user "root" and group "root". This could be dangerous.

=============================
| IO Statistics             |
|                           |
| Duration: 59.666094 secs  |
| Interval:  1 secs         |
|                           |
| Col 1: tcp.port==2404     |
|---------------------------|
|          |1               |
| Interval | Frames | Bytes |
|---------------------------|
|  0 <>  1 |     15 |  1393 |
|  1 <>  2 |     12 |  1164 |
|  2 <>  3 |     15 |  1393 |
|  3 <>  4 |     18 |  1622 |
|  4 <>  5 |     16 |  1465 |
|  5 <>  6 |     15 |  1399 |
|  6 <>  7 |     17 |  1531 |
|  7 <>  8 |     17 |  1531 |
|  8 <>  9 |     19 |  1654 |
|  9 <> 10 |     23 |  1965 |
| 10 <> 11 |     16 |  1459 |
| 11 <> 12 |     14 |  1296 |
| 12 <> 13 |     22 |  1911 |
| 13 <> 14 |     21 |  1832 |
| 14 <> 15 |     14 |  1311 |
| 15 <> 16 |     15 |  1410 |
| 16 <> 17 |     12 |  1174 |
| 17 <> 18 |     12 |  1174 |
| 18 <> 19 |     12 |  1174 |
| 19 <> 20 |     17 |  1550 |
| 20 <> 21 |     14 |  1321 |
| 21 <> 22 |     11 |  1092 |
| 22 <> 23 |     18 |  1601 |
| 23 <> 24 |     11 |  1092 |
| 24 <> 25 |     18 |  1582 |
| 25 <> 26 |     23 |  1976 |
| 26 <> 27 |     17 |  1541 |
| 27 <> 28 |     18 |  1607 |
| 28 <> 29 |     12 |  1174 |
| 29 <> 30 |     12 |  1174 |
| 30 <> 31 |     11 |  1092 |
| 31 <> 32 |     19 |  1673 |
| 32 <> 33 |     18 |  1606 |
| 33 <> 34 |     11 |  1092 |
| 34 <> 35 |     19 |  1688 |
| 35 <> 36 |     11 |  1092 |
| 36 <> 37 |     17 |  1519 |
| 37 <> 38 |     10 |   939 |
| 38 <> 39 |     14 |  1250 |
| 39 <> 40 |     27 |  2368 |
| 40 <> 41 |     24 |  2032 |
| 41 <> 42 |     20 |  1755 |
| 42 <> 43 |     19 |  1689 |
| 43 <> 44 |     12 |  1174 |
| 44 <> 45 |     11 |  1092 |
| 45 <> 46 |     16 |  1459 |
| 46 <> 47 |     21 |  1835 |
| 47 <> 48 |     12 |  1174 |
| 48 <> 49 |     11 |  1092 |
| 49 <> 50 |     11 |  1092 |
| 50 <> 51 |     13 |  1239 |
| 51 <> 52 |     18 |  1613 |
| 52 <> 53 |     11 |  1092 |
| 53 <> 54 |     15 |  1322 |
| 54 <> 55 |     19 |  1607 |
| 55 <> 56 |     16 |  1363 |
| 56 <> 57 |     16 |  1411 |
| 57 <> 58 |     11 |  1042 |
| 58 <> 59 |      9 |   895 |
| 59 <> Dur|     14 |  1240 |
=============================
