Running as user "root" and group "root". This could be dangerous.

=============================
| IO Statistics             |
|                           |
| Duration: 59. 56184 secs  |
| Interval:  1 secs         |
|                           |
| Col 1: Frames and bytes   |
|---------------------------|
|          |1               |
| Interval | Frames | Bytes |
|---------------------------|
|  0 <>  1 |      4 |   444 |
|  1 <>  2 |      2 |   138 |
|  2 <>  3 |      3 |   291 |
|  3 <>  4 |      6 |   520 |
|  4 <>  5 |      3 |   291 |
|  5 <>  6 |      3 |   291 |
|  6 <>  7 |      3 |   291 |
|  7 <>  8 |      3 |   291 |
|  8 <>  9 |      3 |   291 |
|  9 <> 10 |      3 |   291 |
| 10 <> 11 |      7 |   586 |
| 11 <> 12 |      6 |   497 |
| 12 <> 13 |      3 |   291 |
| 13 <> 14 |      6 |   767 |
| 14 <> 15 |      3 |   291 |
| 15 <> 16 |      3 |   291 |
| 16 <> 17 |      3 |   291 |
| 17 <> 18 |      3 |   291 |
| 18 <> 19 |      3 |   291 |
| 19 <> 20 |      6 |   520 |
| 20 <> 21 |      6 |   520 |
| 21 <> 22 |      3 |   291 |
| 22 <> 23 |      3 |   291 |
| 23 <> 24 |      3 |   291 |
| 24 <> 25 |      3 |   291 |
| 25 <> 26 |      3 |   291 |
| 26 <> 27 |      8 |   658 |
| 27 <> 28 |      3 |   291 |
| 28 <> 29 |      3 |   291 |
| 29 <> 30 |      3 |   291 |
| 30 <> 31 |      3 |   291 |
| 31 <> 32 |      3 |   291 |
| 32 <> 33 |      3 |   291 |
| 33 <> 34 |      5 |   471 |
| 34 <> 35 |      7 |  1384 |
| 35 <> 36 |      3 |   291 |
| 36 <> 37 |      3 |   291 |
| 37 <> 38 |      6 |  1335 |
| 38 <> 39 |      3 |   291 |
| 39 <> 40 |      7 |  3747 |
| 40 <> 41 |     12 |  2509 |
| 41 <> 42 |      4 |   366 |
| 42 <> 43 |      2 |   219 |
| 43 <> 44 |      2 |   219 |
| 44 <> 45 |      2 |   219 |
| 45 <> 46 |      4 |   625 |
| 46 <> 47 |      6 |   506 |
| 47 <> 48 |      2 |   219 |
| 48 <> 49 |      2 |   219 |
| 49 <> 50 |      2 |   219 |
| 50 <> 51 |      5 |   436 |
| 51 <> 52 |      4 |   357 |
| 52 <> 53 |      2 |   219 |
| 53 <> 54 |      0 |     0 |
| 54 <> 55 |      0 |     0 |
| 55 <> 56 |      0 |     0 |
| 56 <> 57 |      2 |   132 |
| 57 <> 58 |      0 |     0 |
| 58 <> 59 |      0 |     0 |
| 59 <> Dur|      3 |   198 |
=============================
