Running as user "root" and group "root". This could be dangerous.

=============================
| IO Statistics             |
|                           |
| Duration: 59. 45431 secs  |
| Interval:  1 secs         |
|                           |
| Col 1: Frames and bytes   |
|---------------------------|
|          |1               |
| Interval | Frames | Bytes |
|---------------------------|
|  0 <>  1 |      3 |   291 |
|  1 <>  2 |      5 |  1245 |
|  2 <>  3 |      7 |   610 |
|  3 <>  4 |      6 |   520 |
|  4 <>  5 |      3 |   291 |
|  5 <>  6 |      4 |  1155 |
|  6 <>  7 |      3 |   291 |
|  7 <>  8 |      4 |   361 |
|  8 <>  9 |      3 |   291 |
|  9 <> 10 |      4 |  1155 |
| 10 <> 11 |      3 |   291 |
| 11 <> 12 |      6 |   630 |
| 12 <> 13 |      8 |   789 |
| 13 <> 14 |      8 |  1456 |
| 14 <> 15 |      3 |   291 |
| 15 <> 16 |      3 |   291 |
| 16 <> 17 |      3 |   291 |
| 17 <> 18 |      3 |   291 |
| 18 <> 19 |      3 |   291 |
| 19 <> 20 |      8 |  2248 |
| 20 <> 21 |      3 |   291 |
| 21 <> 22 |      3 |   291 |
| 22 <> 23 |      5 |  2019 |
| 23 <> 24 |      3 |   291 |
| 24 <> 25 |     13 |  1027 |
| 25 <> 26 |      3 |   301 |
| 26 <> 27 |      3 |   301 |
| 27 <> 28 |      7 |  2176 |
| 28 <> 29 |      2 |   219 |
| 29 <> 30 |      4 |  1947 |
| 30 <> 31 |      2 |   219 |
| 31 <> 32 |      3 |   301 |
| 32 <> 33 |      4 |   366 |
| 33 <> 34 |      2 |   219 |
| 34 <> 35 |      2 |   219 |
| 35 <> 36 |      2 |   219 |
| 36 <> 37 |      6 |   487 |
| 37 <> 38 |      1 |    82 |
| 38 <> 39 |      0 |     0 |
| 39 <> 40 |     18 |  1495 |
| 40 <> 41 |      5 |   423 |
| 41 <> 42 |      8 |   659 |
| 42 <> 43 |      3 |   291 |
| 43 <> 44 |      4 |   494 |
| 44 <> 45 |      4 |   494 |
| 45 <> 46 |      3 |   291 |
| 46 <> 47 |      9 |   728 |
| 47 <> 48 |      3 |   291 |
| 48 <> 49 |      3 |   291 |
| 49 <> 50 |      3 |   291 |
| 50 <> 51 |      3 |   291 |
| 51 <> 52 |      4 |   373 |
| 52 <> 53 |      3 |   291 |
| 53 <> 54 |      8 |   658 |
| 54 <> 55 |      8 |   658 |
| 55 <> 56 |      3 |   291 |
| 56 <> 57 |      3 |   291 |
| 57 <> 58 |      3 |   291 |
| 58 <> 59 |      3 |   291 |
| 59 <> Dur|      3 |   291 |
=============================
