Running as user "root" and group "root". This could be dangerous.

=============================
| IO Statistics             |
|                           |
| Duration: 59.601581 secs  |
| Interval:  1 secs         |
|                           |
| Col 1: Frames and bytes   |
|---------------------------|
|          |1               |
| Interval | Frames | Bytes |
|---------------------------|
|  0 <>  1 |     20 |  1766 |
|  1 <>  2 |     21 |  1832 |
|  2 <>  3 |     13 |  1230 |
|  3 <>  4 |     12 |  1164 |
|  4 <>  5 |     22 |  1898 |
|  5 <>  6 |     22 |  1898 |
|  6 <>  7 |     12 |  1164 |
|  7 <>  8 |     30 |  2500 |
|  8 <>  9 |     20 |  1720 |
|  9 <> 10 |     27 |  2268 |
| 10 <> 11 |     32 |  2588 |
| 11 <> 12 |     29 |  2345 |
| 12 <> 13 |     35 |  2723 |
| 13 <> 14 |     26 |  2054 |
| 14 <> 15 |     24 |  1773 |
| 15 <> 16 |     23 |  1763 |
| 16 <> 17 |      3 |   198 |
| 17 <> 18 |      8 |   588 |
| 18 <> 19 |      0 |     0 |
| 19 <> 20 |      0 |     0 |
| 20 <> 21 |      0 |     0 |
| 21 <> 22 |      0 |     0 |
| 22 <> 23 |      4 |   276 |
| 23 <> 24 |      0 |     0 |
| 24 <> 25 |      3 |   210 |
| 25 <> 26 |      7 |   462 |
| 26 <> 27 |      6 |   396 |
| 27 <> 28 |      0 |     0 |
| 28 <> 29 |    109 | 10412 |
| 29 <> 30 |     89 |  8888 |
| 30 <> 31 |     27 |  2248 |
| 31 <> 32 |     21 |  1834 |
| 32 <> 33 |     13 |  1230 |
| 33 <> 34 |     12 |  1164 |
| 34 <> 35 |     12 |  1164 |
| 35 <> 36 |     22 |  1898 |
| 36 <> 37 |     21 |  1832 |
| 37 <> 38 |     13 |  1230 |
| 38 <> 39 |     12 |  1164 |
| 39 <> 40 |     12 |  1164 |
| 40 <> 41 |     12 |  1164 |
| 41 <> 42 |     12 |  1164 |
| 42 <> 43 |     12 |  1164 |
| 43 <> 44 |     31 |  2566 |
| 44 <> 45 |     13 |  1230 |
| 45 <> 46 |     21 |  1832 |
| 46 <> 47 |     13 |  1230 |
| 47 <> 48 |     12 |  1164 |
| 48 <> 49 |     12 |  1164 |
| 49 <> 50 |     22 |  1898 |
| 50 <> 51 |     12 |  1164 |
| 51 <> 52 |     22 |  1898 |
| 52 <> 53 |     22 |  1898 |
| 53 <> 54 |     21 |  1832 |
| 54 <> 55 |     13 |  1230 |
| 55 <> 56 |     12 |  1164 |
| 56 <> 57 |     12 |  1164 |
| 57 <> 58 |     12 |  1164 |
| 58 <> 59 |     12 |  1164 |
| 59 <> Dur|     17 |  1531 |
=============================
