attack_fw_only_001 9.128532415 9.629106801 0.500574386
attack_fw_only_002 9.255290989 9.755554772 0.500263783
attack_fw_only_003 9.231572255 9.732138314 0.500566059
attack_fw_only_004 9.318859289 9.819223348 0.500364059
attack_fw_only_005 9.078200491 9.578530911 0.500330420
attack_fw_only_006 9.048503976 9.548863761 0.500359785
attack_fw_only_007 9.614189996 10.114495390 0.500305394
attack_fw_only_008 9.330139811 9.830423246 0.500283435
attack_fw_only_009 9.297225760 9.820637340 0.523411580
attack_fw_only_010 9.103709380 9.604018377 0.500308997
attack_fw_only_011 9.068550313 9.568824017 0.500273704
attack_fw_only_012 9.207570082 9.707904204 0.500334122
attack_fw_only_013 9.124121120 9.624571414 0.500450294
attack_fw_only_014 8.958941176 9.459240096 0.500298920
attack_fw_only_015 8.887100468 9.387356611 0.500256143
attack_no_mitigation_001 3.220448937 3.720794774 0.500345837
attack_no_mitigation_002 8.880360936 9.380665988 0.500305052
attack_no_mitigation_003 8.640556578 9.140976638 0.500420060
attack_no_mitigation_004 9.078211360 9.578556256 0.500344896
attack_no_mitigation_005 8.443949585 8.944332829 0.500383244
attack_no_mitigation_006 8.965432740 9.465793951 0.500361211
attack_no_mitigation_007 9.084042599 9.584295432 0.500252833
attack_no_mitigation_008 9.166138668 9.666437728 0.500299060
attack_no_mitigation_009 8.855425277 9.355811818 0.500386541
attack_no_mitigation_010 8.850540002 9.350949393 0.500409391
attack_no_mitigation_011 9.075879274 9.576491682 0.500612408
attack_no_mitigation_012 9.170156467 9.670477127 0.500320660
attack_no_mitigation_013 8.896556809 9.397036046 0.500479237
attack_no_mitigation_014 8.859748021 9.359994956 0.500246935
attack_no_mitigation_015 9.341174841 9.841619644 0.500444803
attack_ryu_fw_001 9.271845198 9.772133843 0.500288645
attack_ryu_fw_002 9.523884513 10.024173460 0.500288947
attack_ryu_fw_003 8.725567935 9.226016620 0.500448685
attack_ryu_fw_004 9.589458660 10.089815587 0.500356927
attack_ryu_fw_005 9.204787364 9.705243632 0.500456268
attack_ryu_fw_006 9.236046310 9.736404833 0.500358523
attack_ryu_fw_007 9.441861024 9.942180895 0.500319871
attack_ryu_fw_008 9.304599831 9.912176412 0.607576581
attack_ryu_fw_009 9.336957588 9.837602740 0.500645152
attack_ryu_fw_010 9.504034506 10.025036295 0.521001789
attack_ryu_fw_011 9.151259608 9.861110080 0.709850472
attack_ryu_fw_012 9.000484825 9.500944675 0.500459850
attack_ryu_fw_013 9.338745311 9.839072377 0.500327066
attack_ryu_fw_014 9.505320778 10.007336455 0.502015677
attack_ryu_fw_015 9.054784394 9.555256533 0.500472139
attack_ryu_fw_1000_001 9.371855218 11.372256911 2.000401693
attack_ryu_fw_1000_002 9.077829460 14.768999634 5.691170174
attack_ryu_fw_1000_003 9.325017049 11.325455614 2.000438565
attack_ryu_fw_1000_004 9.418320853 11.418899508 2.000578655
attack_ryu_fw_1000_005 9.152212455 11.153132485 2.000920030
attack_ryu_fw_100_001 9.039806739 9.368566967 0.328760228
attack_ryu_fw_100_002 9.585172276 9.785426630 0.200254354
attack_ryu_fw_100_003 9.438011456 9.639979576 0.201968120
attack_ryu_fw_100_004 9.211078804 9.412178292 0.201099488
attack_ryu_fw_100_005 9.167157974 9.368393820 0.201235846
attack_ryu_fw_1500_001 9.136223219 12.136472971 3.000249752
attack_ryu_fw_1500_002 9.168265877 12.168613672 3.000347795
attack_ryu_fw_1500_003 9.258582744 12.274743521 3.016160777
attack_ryu_fw_1500_004 7.432988679 10.476545948 3.043557269
attack_ryu_fw_1500_005 9.001408835 12.001810964 3.000402129
attack_ryu_fw_2000_001 9.208579830 13.217721037 4.009141207
attack_ryu_fw_2000_002 9.292376478 13.292904012 4.000527534
attack_ryu_fw_2000_003 9.426471638 13.431832113 4.005360475
attack_ryu_fw_2000_004 8.635008762 12.635507752 4.000498990
attack_ryu_fw_2000_005 9.425483934 13.564036420 4.138552486
attack_ryu_fw_3000_001 9.372559480 15.373104059 6.000544579
attack_ryu_fw_3000_002 9.544956325 15.588486008 6.043529683
attack_ryu_fw_3000_003 9.562407481 15.562648591 6.000241110
attack_ryu_fw_3000_004 9.136530878 15.137101537 6.000570659
attack_ryu_fw_3000_005 9.443812320 15.444285231 6.000472911
attack_ryu_fw_500_001 7.308796792 8.309159793 1.000363001
attack_ryu_fw_500_002 9.200514588 10.201096092 1.000581504
attack_ryu_fw_500_003 9.467142537 10.468001988 1.000859451
attack_ryu_fw_500_004 9.386195860 10.386639601 1.000443741
attack_ryu_fw_500_005 8.123533833 9.123880608 1.000346775
attack_ryu_fw_low_IOA_001 9.336724297 11.217291009 1.880566712
attack_ryu_fw_low_IOA_002 9.478882498 11.117525482 1.638642984
attack_ryu_fw_low_IOA_003 9.546319146 11.425017599 1.878698453
attack_ryu_fw_low_IOA_004 9.396688823 11.022157353 1.625468530
attack_ryu_fw_low_IOA_005 9.518441290 11.362467772 1.844026482
attack_ryu_fw_low_IOA_006 7.559582118 9.311624337 1.752042219
attack_ryu_fw_low_IOA_007 8.963432706 10.597452126 1.634019420
attack_ryu_fw_low_IOA_008 9.133251638 11.006257911 1.873006273
attack_ryu_fw_low_IOA_009 9.287651101 11.225505210 1.937854109
attack_ryu_fw_low_IOA_010 9.067192787 10.749430689 1.682237902
attack_ryu_fw_low_IOA_011 9.240568516 11.297586775 2.057018259
attack_ryu_fw_low_IOA_012 9.224084196 10.984005216 1.759921020
attack_ryu_fw_low_IOA_013 9.429346958 11.403701577 1.974354619
attack_ryu_fw_low_IOA_014 9.088835441 10.755372822 1.666537381
attack_ryu_fw_low_IOA_015 9.428181485 11.146553117 1.718371632
attack_ryu_fw_low_IOA_1500_001 9.107601304 13.664339351 4.556738047
attack_ryu_fw_low_IOA_1500_002 9.110934978 13.445392031 4.334457053
attack_ryu_fw_low_IOA_1500_003 9.482522690 13.835043542 4.352520852
attack_ryu_fw_low_IOA_1500_004 9.497494504 14.266429251 4.768934747
attack_ryu_fw_low_IOA_1500_005 8.992997728 13.606791027 4.613793299
attack_ryu_fw_low_IOA_3000_001 9.031310767 16.160108779 7.128798012
attack_ryu_fw_low_IOA_3000_002 8.612606487 16.122758655 7.510152168
attack_ryu_fw_low_IOA_3000_003 9.050879119 16.157858310 7.106979191
attack_ryu_fw_low_IOA_3000_004 9.211130769 16.329904178 7.118773409
attack_ryu_fw_low_IOA_3000_005 9.429524288 16.930144406 7.500620118
attack_ryu_fw_low_IOA_500_001 9.727428289 11.953225727 2.225797438
attack_ryu_fw_low_IOA_500_002 9.364751979 11.514125908 2.149373929
attack_ryu_fw_low_IOA_500_003 9.066214755 11.149482348 2.083267593
attack_ryu_fw_low_IOA_500_004 9.541385920 11.870347014 2.328961094
attack_ryu_fw_low_IOA_500_005 8.908016471 11.309386229 2.401369758
attack_ryu_fw_low_IOA_50_001 8.973189243 10.198749855 1.225560612
attack_ryu_fw_low_IOA_50_002 9.412359606 10.620569612 1.208210006
attack_ryu_fw_low_IOA_50_003 9.121934049 10.632024823 1.510090774
attack_ryu_fw_low_IOA_50_004 9.530022559 11.235774671 1.705752112
attack_ryu_fw_low_IOA_50_005 9.255632785 10.615583205 1.359950420
