attack_fw_only_001 9.128532415 9.378872546 0.250340131
attack_fw_only_002 9.255290989 9.505423130 0.250132141
attack_fw_only_003 9.231572255 9.481740222 0.250167967
attack_fw_only_004 9.318859289 9.569102006 0.250242717
attack_fw_only_005 9.078200491 9.328369284 0.250168793
attack_fw_only_006 9.048503976 9.298645327 0.250141351
attack_fw_only_007 9.614189996 9.864346797 0.250156801
attack_fw_only_008 9.330139811 9.580284945 0.250145134
attack_fw_only_009 9.297225760 9.547399228 0.250173468
attack_fw_only_010 9.103709380 9.353834941 0.250125561
attack_fw_only_011 9.068550313 9.318688332 0.250138019
attack_fw_only_012 9.207570082 9.457772393 0.250202311
attack_fw_only_013 9.124121120 9.374315892 0.250194772
attack_fw_only_014 8.958941176 9.209081698 0.250140522
attack_fw_only_015 8.887100468 9.137240181 0.250139713
attack_no_mitigation_001 3.220448937 3.470592647 0.250143710
attack_no_mitigation_002 8.880360936 9.130515149 0.250154213
attack_no_mitigation_003 8.640556578 8.890848843 0.250292265
attack_no_mitigation_004 9.078211360 9.328396746 0.250185386
attack_no_mitigation_005 8.443949585 8.694214483 0.250264898
attack_no_mitigation_006 8.965432740 9.215532618 0.250099878
attack_no_mitigation_007 9.084042599 9.334140224 0.250097625
attack_no_mitigation_008 9.166138668 9.416304902 0.250166234
attack_no_mitigation_009 8.855425277 9.105620318 0.250195041
attack_no_mitigation_010 8.850540002 9.100652823 0.250112821
attack_no_mitigation_011 9.075879274 9.326265477 0.250386203
attack_no_mitigation_012 9.170156467 9.420342859 0.250186392
attack_no_mitigation_013 8.896556809 9.146738886 0.250182077
attack_no_mitigation_014 8.859748021 9.109840384 0.250092363
attack_no_mitigation_015 9.341174841 9.591319388 0.250144547
attack_ryu_fw_001 9.271845198 9.521970750 0.250125552
attack_ryu_fw_002 9.523884513 9.774044585 0.250160072
attack_ryu_fw_003 8.725567935 8.975776694 0.250208759
attack_ryu_fw_004 9.589458660 9.839693956 0.250235296
attack_ryu_fw_005 9.204787364 9.454999265 0.250211901
attack_ryu_fw_006 9.236046310 9.486232155 0.250185845
attack_ryu_fw_007 9.441861024 9.692017460 0.250156436
attack_ryu_fw_008 9.304599831 9.662058460 0.357458629
attack_ryu_fw_009 9.336957588 9.587464435 0.250506847
attack_ryu_fw_010 9.504034506 9.774902068 0.270867562
attack_ryu_fw_011 9.151259608 9.495718406 0.344458798
attack_ryu_fw_012 9.000484825 9.250868631 0.250383806
attack_ryu_fw_013 9.338745311 9.588930532 0.250185221
attack_ryu_fw_014 9.505320778 9.757195549 0.251874771
attack_ryu_fw_015 9.054784394 9.305100448 0.250316054
attack_ryu_fw_1000_001 9.371855218 10.372068898 1.000213680
attack_ryu_fw_1000_002 9.077829460 10.150997441 1.073167981
attack_ryu_fw_1000_003 9.325017049 10.325243477 1.000226428
attack_ryu_fw_1000_004 9.418320853 10.418559847 1.000238994
attack_ryu_fw_1000_005 9.152212455 10.152401490 1.000189035
attack_ryu_fw_100_001 9.039806739 9.140533278 0.100726539
attack_ryu_fw_100_002 9.585172276 9.685276347 0.100104071
attack_ryu_fw_100_003 9.438011456 9.539726884 0.101715428
attack_ryu_fw_100_004 9.211078804 9.311802177 0.100723373
attack_ryu_fw_100_005 9.167157974 9.267303061 0.100145087
attack_ryu_fw_1500_001 9.136223219 10.636333428 1.500110209
attack_ryu_fw_1500_002 9.168265877 10.668385170 1.500119293
attack_ryu_fw_1500_003 9.258582744 10.774558576 1.515975832
attack_ryu_fw_1500_004 7.432988679 8.976390234 1.543401555
attack_ryu_fw_1500_005 9.001408835 10.501703955 1.500295120
attack_ryu_fw_2000_001 9.208579830 11.216647165 2.008067335
attack_ryu_fw_2000_002 9.292376478 11.292505474 2.000128996
attack_ryu_fw_2000_003 9.426471638 11.431273003 2.004801365
attack_ryu_fw_2000_004 8.635008762 10.635400464 2.000391702
attack_ryu_fw_2000_005 9.425483934 11.425627264 2.000143330
attack_ryu_fw_3000_001 9.372559480 12.372730582 3.000171102
attack_ryu_fw_3000_002 9.544956325 12.588137855 3.043181530
attack_ryu_fw_3000_003 9.562407481 12.562509298 3.000101817
attack_ryu_fw_3000_004 9.136530878 12.136918788 3.000387910
attack_ryu_fw_3000_005 9.443812320 12.444117976 3.000305656
attack_ryu_fw_500_001 7.308796792 7.809006353 0.500209561
attack_ryu_fw_500_002 9.200514588 9.700648631 0.500134043
attack_ryu_fw_500_003 9.467142537 9.967698818 0.500556281
attack_ryu_fw_500_004 9.386195860 9.886371506 0.500175646
attack_ryu_fw_500_005 8.123533833 8.623709634 0.500175801
attack_ryu_fw_low_IOA_001 9.336724297 10.418547154 1.081822857
attack_ryu_fw_low_IOA_002 9.478882498 10.341336928 0.862454430
attack_ryu_fw_low_IOA_003 9.546319146 10.538745133 0.992425987
attack_ryu_fw_low_IOA_004 9.396688823 10.231279963 0.834591140
attack_ryu_fw_low_IOA_005 9.518441290 10.546103175 1.027661885
attack_ryu_fw_low_IOA_006 7.559582118 8.475518213 0.915936095
attack_ryu_fw_low_IOA_007 8.963432706 9.828701979 0.865269273
attack_ryu_fw_low_IOA_008 9.133251638 9.953336927 0.820085289
attack_ryu_fw_low_IOA_009 9.287651101 10.169928625 0.882277524
attack_ryu_fw_low_IOA_010 9.067192787 9.861841022 0.794648235
attack_ryu_fw_low_IOA_011 9.240568516 10.228205907 0.987637391
attack_ryu_fw_low_IOA_012 9.224084196 10.071088719 0.847004523
attack_ryu_fw_low_IOA_013 9.429346958 10.300522414 0.871175456
attack_ryu_fw_low_IOA_014 9.088835441 9.925776526 0.836941085
attack_ryu_fw_low_IOA_015 9.428181485 10.290350247 0.862168762
attack_ryu_fw_low_IOA_1500_001 9.107601304 11.381236662 2.273635358
attack_ryu_fw_low_IOA_1500_002 9.110934978 11.173865206 2.062930228
attack_ryu_fw_low_IOA_1500_003 9.482522690 11.729099241 2.246576551
attack_ryu_fw_low_IOA_1500_004 9.497494504 11.999344410 2.501849906
attack_ryu_fw_low_IOA_1500_005 8.992997728 11.063180965 2.070183237
attack_ryu_fw_low_IOA_3000_001 9.031310767 12.644274748 3.612963981
attack_ryu_fw_low_IOA_3000_002 8.612606487 12.537094141 3.924487654
attack_ryu_fw_low_IOA_3000_003 9.050879119 12.603103084 3.552223965
attack_ryu_fw_low_IOA_3000_004 9.211130769 12.724587132 3.513456363
attack_ryu_fw_low_IOA_3000_005 9.429524288 13.322997367 3.893473079
attack_ryu_fw_low_IOA_500_001 9.727428289 10.786559387 1.059131098
attack_ryu_fw_low_IOA_500_002 9.364751979 10.382876132 1.018124153
attack_ryu_fw_low_IOA_500_003 9.066214755 10.130602938 1.064388183
attack_ryu_fw_low_IOA_500_004 9.541385920 10.756056480 1.214670560
attack_ryu_fw_low_IOA_500_005 8.908016471 9.966003069 1.057986598
attack_ryu_fw_low_IOA_50_001 8.973189243 9.578626091 0.605436848
attack_ryu_fw_low_IOA_50_002 9.412359606 10.027773148 0.615413542
attack_ryu_fw_low_IOA_50_003 9.121934049 9.806027159 0.684093110
attack_ryu_fw_low_IOA_50_004 9.530022559 10.348268983 0.818246424
attack_ryu_fw_low_IOA_50_005 9.255632785 9.977168682 0.721535897
