Running as user "root" and group "root". This could be dangerous.

=============================
| IO Statistics             |
|                           |
| Duration: 59.118909 secs  |
| Interval:  1 secs         |
|                           |
| Col 1: Frames and bytes   |
|---------------------------|
|          |1               |
| Interval | Frames | Bytes |
|---------------------------|
|  0 <>  1 |      3 |   291 |
|  1 <>  2 |      7 |   590 |
|  2 <>  3 |      4 |   361 |
|  3 <>  4 |      3 |   291 |
|  4 <>  5 |      8 |   658 |
|  5 <>  6 |      3 |   291 |
|  6 <>  7 |      5 |   697 |
|  7 <>  8 |      4 |   361 |
|  8 <>  9 |      3 |   291 |
|  9 <> 10 |      3 |   291 |
| 10 <> 11 |      3 |   291 |
| 11 <> 12 |      3 |   291 |
| 12 <> 13 |      8 |   658 |
| 13 <> 14 |      3 |   291 |
| 14 <> 15 |      3 |   291 |
| 15 <> 16 |      3 |   291 |
| 16 <> 17 |      3 |   291 |
| 17 <> 18 |      3 |   291 |
| 18 <> 19 |      3 |   291 |
| 19 <> 20 |      3 |   291 |
| 20 <> 21 |      3 |   291 |
| 21 <> 22 |      8 |   658 |
| 22 <> 23 |      3 |   291 |
| 23 <> 24 |      3 |   291 |
| 24 <> 25 |      3 |   291 |
| 25 <> 26 |      3 |   291 |
| 26 <> 27 |      3 |   291 |
| 27 <> 28 |      3 |   291 |
| 28 <> 29 |      3 |   291 |
| 29 <> 30 |      8 |   658 |
| 30 <> 31 |      5 |   451 |
| 31 <> 32 |      4 |   381 |
| 32 <> 33 |     11 |  1645 |
| 33 <> 34 |      4 |   369 |
| 34 <> 35 |      3 |   301 |
| 35 <> 36 |      2 |   231 |
| 36 <> 37 |      5 |  1242 |
| 37 <> 38 |      2 |   231 |
| 38 <> 39 |      6 |   784 |
| 39 <> 40 |      4 |   378 |
| 40 <> 41 |      5 |  1275 |
| 41 <> 42 |      2 |   219 |
| 42 <> 43 |      1 |   864 |
| 43 <> 44 |      0 |     0 |
| 44 <> 45 |      7 |  3654 |
| 45 <> 46 |      0 |     0 |
| 46 <> 47 |      0 |     0 |
| 47 <> 48 |     28 |  2438 |
| 48 <> 49 |      3 |   291 |
| 49 <> 50 |      7 |   593 |
| 50 <> 51 |      3 |   291 |
| 51 <> 52 |      3 |   291 |
| 52 <> 53 |      3 |   291 |
| 53 <> 54 |      3 |   291 |
| 54 <> 55 |      7 |   592 |
| 55 <> 56 |      8 |   658 |
| 56 <> 57 |      3 |   291 |
| 57 <> 58 |      3 |   291 |
| 58 <> 59 |      3 |   291 |
| 59 <> Dur|      1 |   153 |
=============================
