Running as user "root" and group "root". This could be dangerous.

=============================
| IO Statistics             |
|                           |
| Duration: 59.632849 secs  |
| Interval:  1 secs         |
|                           |
| Col 1: Frames and bytes   |
|---------------------------|
|          |1               |
| Interval | Frames | Bytes |
|---------------------------|
|  0 <>  1 |     19 |  1719 |
|  1 <>  2 |     20 |  1673 |
|  2 <>  3 |     13 |  1234 |
|  3 <>  4 |     19 |  1694 |
|  4 <>  5 |     22 |  1898 |
|  5 <>  6 |     12 |  1164 |
|  6 <>  7 |     14 |  1437 |
|  7 <>  8 |     12 |  1164 |
|  8 <>  9 |     19 |  1654 |
|  9 <> 10 |     20 |  1748 |
| 10 <> 11 |     18 |  1598 |
| 11 <> 12 |     12 |  1164 |
| 12 <> 13 |     33 |  2752 |
| 13 <> 14 |     12 |  1186 |
| 14 <> 15 |     13 |  1284 |
| 15 <> 16 |     12 |  1186 |
| 16 <> 17 |     19 |  2458 |
| 17 <> 18 |     13 |  1266 |
| 18 <> 19 |     14 |  1259 |
| 19 <> 20 |      8 |   801 |
| 20 <> 21 |      9 |   883 |
| 21 <> 22 |     24 |  2744 |
| 22 <> 23 |      8 |   801 |
| 23 <> 24 |      9 |   883 |
| 24 <> 25 |     50 |  5093 |
| 25 <> 26 |     15 |  1392 |
| 26 <> 27 |     15 |  1333 |
| 27 <> 28 |      8 |   801 |
| 28 <> 29 |     14 |  2017 |
| 29 <> 30 |     15 |  1315 |
| 30 <> 31 |      8 |   801 |
| 31 <> 32 |     42 |  3684 |
| 32 <> 33 |     18 |  1582 |
| 33 <> 34 |     22 |  1924 |
| 34 <> 35 |     14 |  1262 |
| 35 <> 36 |      9 |   895 |
| 36 <> 37 |     14 |  1240 |
| 37 <> 38 |      8 |   813 |
| 38 <> 39 |     21 |  1897 |
| 39 <> 40 |     38 |  3394 |
| 40 <> 41 |     12 |  1186 |
| 41 <> 42 |     16 |  1460 |
| 42 <> 43 |     19 |  1607 |
| 43 <> 44 |      9 |   873 |
| 44 <> 45 |     13 |  1141 |
| 45 <> 46 |      9 |   873 |
| 46 <> 47 |     24 |  1974 |
| 47 <> 48 |     36 |  3241 |
| 48 <> 49 |     17 |  1531 |
| 49 <> 50 |     21 |  1833 |
| 50 <> 51 |     12 |  1164 |
| 51 <> 52 |     12 |  1164 |
| 52 <> 53 |     12 |  1164 |
| 53 <> 54 |     12 |  1164 |
| 54 <> 55 |     21 |  1832 |
| 55 <> 56 |     32 |  2632 |
| 56 <> 57 |     22 |  1898 |
| 57 <> 58 |     12 |  1164 |
| 58 <> 59 |     12 |  1164 |
| 59 <> Dur|     19 |  1607 |
=============================
