Running as user "root" and group "root". This could be dangerous.

=============================
| IO Statistics             |
|                           |
| Duration: 59.721592 secs  |
| Interval:  1 secs         |
|                           |
| Col 1: Frames and bytes   |
|---------------------------|
|          |1               |
| Interval | Frames | Bytes |
|---------------------------|
|  0 <>  1 |     21 |  1969 |
|  1 <>  2 |     12 |  1164 |
|  2 <>  3 |     12 |  1164 |
|  3 <>  4 |     14 |  1302 |
|  4 <>  5 |     10 |  1026 |
|  5 <>  6 |     17 |  1531 |
|  6 <>  7 |     12 |  1164 |
|  7 <>  8 |     14 |  1302 |
|  8 <>  9 |     29 |  2388 |
|  9 <> 10 |     38 |  3053 |
| 10 <> 11 |     28 |  2225 |
| 11 <> 12 |     28 |  2192 |
| 12 <> 13 |     31 |  2443 |
| 13 <> 14 |     32 |  2483 |
| 14 <> 15 |     19 |  1413 |
| 15 <> 16 |     28 |  2127 |
| 16 <> 17 |      7 |   492 |
| 17 <> 18 |      0 |     0 |
| 18 <> 19 |      0 |     0 |
| 19 <> 20 |      2 |   138 |
| 20 <> 21 |      0 |     0 |
| 21 <> 22 |      2 |   147 |
| 22 <> 23 |      5 |   336 |
| 23 <> 24 |      2 |   138 |
| 24 <> 25 |      6 |   396 |
| 25 <> 26 |     34 |  3382 |
| 26 <> 27 |      2 |   138 |
| 27 <> 28 |    113 | 10801 |
| 28 <> 29 |     12 |  1071 |
| 29 <> 30 |     19 |  1609 |
| 30 <> 31 |      9 |   873 |
| 31 <> 32 |     55 |  5425 |
| 32 <> 33 |     17 |  1444 |
| 33 <> 34 |     17 |  1532 |
| 34 <> 35 |     22 |  1898 |
| 35 <> 36 |     17 |  1531 |
| 36 <> 37 |     17 |  1531 |
| 37 <> 38 |     17 |  1531 |
| 38 <> 39 |     17 |  1531 |
| 39 <> 40 |     17 |  1531 |
| 40 <> 41 |     12 |  1164 |
| 41 <> 42 |     17 |  1531 |
| 42 <> 43 |     12 |  1164 |
| 43 <> 44 |     17 |  1531 |
| 44 <> 45 |     17 |  1531 |
| 45 <> 46 |     17 |  1531 |
| 46 <> 47 |     17 |  1531 |
| 47 <> 48 |     12 |  1164 |
| 48 <> 49 |     17 |  1531 |
| 49 <> 50 |     17 |  1531 |
| 50 <> 51 |     12 |  1164 |
| 51 <> 52 |     17 |  1531 |
| 52 <> 53 |     17 |  1531 |
| 53 <> 54 |     17 |  1531 |
| 54 <> 55 |     12 |  1164 |
| 55 <> 56 |     12 |  1164 |
| 56 <> 57 |     22 |  1898 |
| 57 <> 58 |     12 |  1164 |
| 58 <> 59 |     12 |  1164 |
| 59 <> Dur|     17 |  1531 |
=============================
