Running as user "root" and group "root". This could be dangerous.

=============================
| IO Statistics             |
|                           |
| Duration: 59. 52273 secs  |
| Interval:  1 secs         |
|                           |
| Col 1: Frames and bytes   |
|---------------------------|
|          |1               |
| Interval | Frames | Bytes |
|---------------------------|
|  0 <>  1 |      3 |   291 |
|  1 <>  2 |      3 |   291 |
|  2 <>  3 |      3 |   291 |
|  3 <>  4 |      3 |   291 |
|  4 <>  5 |      3 |   291 |
|  5 <>  6 |      3 |   291 |
|  6 <>  7 |      8 |   658 |
|  7 <>  8 |      4 |   361 |
|  8 <>  9 |      3 |   291 |
|  9 <> 10 |      8 |   658 |
| 10 <> 11 |      3 |   291 |
| 11 <> 12 |      4 |   357 |
| 12 <> 13 |      4 |   357 |
| 13 <> 14 |      3 |   291 |
| 14 <> 15 |     21 |  1583 |
| 15 <> 16 |     20 |  1527 |
| 16 <> 17 |      0 |     0 |
| 17 <> 18 |      0 |     0 |
| 18 <> 19 |      2 |   147 |
| 19 <> 20 |      0 |     0 |
| 20 <> 21 |      0 |     0 |
| 21 <> 22 |      2 |   147 |
| 22 <> 23 |      2 |   147 |
| 23 <> 24 |      0 |     0 |
| 24 <> 25 |      0 |     0 |
| 25 <> 26 |      0 |     0 |
| 26 <> 27 |      0 |     0 |
| 27 <> 28 |      0 |     0 |
| 28 <> 29 |      5 |   336 |
| 29 <> 30 |      0 |     0 |
| 30 <> 31 |      0 |     0 |
| 31 <> 32 |     46 |  4552 |
| 32 <> 33 |      3 |   291 |
| 33 <> 34 |      8 |   659 |
| 34 <> 35 |     11 |  7203 |
| 35 <> 36 |      3 |   291 |
| 36 <> 37 |      3 |   291 |
| 37 <> 38 |      3 |   291 |
| 38 <> 39 |      8 |   658 |
| 39 <> 40 |      3 |   291 |
| 40 <> 41 |      3 |   291 |
| 41 <> 42 |      3 |   291 |
| 42 <> 43 |      3 |   291 |
| 43 <> 44 |      3 |   291 |
| 44 <> 45 |      3 |   291 |
| 45 <> 46 |      3 |   291 |
| 46 <> 47 |      3 |   291 |
| 47 <> 48 |      8 |   658 |
| 48 <> 49 |      3 |   291 |
| 49 <> 50 |      3 |   291 |
| 50 <> 51 |      8 |   658 |
| 51 <> 52 |      8 |   658 |
| 52 <> 53 |      3 |   291 |
| 53 <> 54 |      3 |   291 |
| 54 <> 55 |      3 |   291 |
| 55 <> 56 |      3 |   291 |
| 56 <> 57 |      3 |   291 |
| 57 <> 58 |      3 |   291 |
| 58 <> 59 |      8 |   658 |
| 59 <> Dur|      3 |   291 |
=============================
