Running as user "root" and group "root". This could be dangerous.

=============================
| IO Statistics             |
|                           |
| Duration: 59.702151 secs  |
| Interval:  1 secs         |
|                           |
| Col 1: tcp.port==2404     |
|---------------------------|
|          |1               |
| Interval | Frames | Bytes |
|---------------------------|
|  0 <>  1 |     17 |  1531 |
|  1 <>  2 |     17 |  1531 |
|  2 <>  3 |     12 |  1164 |
|  3 <>  4 |     12 |  1164 |
|  4 <>  5 |     12 |  1164 |
|  5 <>  6 |     21 |  1832 |
|  6 <>  7 |     22 |  1898 |
|  7 <>  8 |     12 |  1164 |
|  8 <>  9 |     24 |  2021 |
|  9 <> 10 |     39 |  3150 |
| 10 <> 11 |     35 |  2730 |
| 11 <> 12 |     30 |  2411 |
| 12 <> 13 |     27 |  2072 |
| 13 <> 14 |     21 |  1686 |
| 14 <> 15 |     26 |  1928 |
| 15 <> 16 |     22 |  1674 |
| 16 <> 17 |      0 |     0 |
| 17 <> 18 |      2 |   147 |
| 18 <> 19 |      2 |   147 |
| 19 <> 20 |      2 |   138 |
| 20 <> 21 |      2 |   147 |
| 21 <> 22 |      4 |   294 |
| 22 <> 23 |      2 |   147 |
| 23 <> 24 |      3 |   198 |
| 24 <> 25 |      3 |   198 |
| 25 <> 26 |      0 |     0 |
| 26 <> 27 |     53 |  5107 |
| 27 <> 28 |     59 |  5509 |
| 28 <> 29 |     16 |  1286 |
| 29 <> 30 |     11 |   950 |
| 30 <> 31 |     53 |  5293 |
| 31 <> 32 |     55 |  5425 |
| 32 <> 33 |     17 |  1532 |
| 33 <> 34 |     22 |  1899 |
| 34 <> 35 |     17 |  1531 |
| 35 <> 36 |     12 |  1164 |
| 36 <> 37 |     17 |  1531 |
| 37 <> 38 |     22 |  1898 |
| 38 <> 39 |     17 |  1531 |
| 39 <> 40 |     12 |  1164 |
| 40 <> 41 |     12 |  1164 |
| 41 <> 42 |     17 |  1531 |
| 42 <> 43 |     17 |  1531 |
| 43 <> 44 |     12 |  1164 |
| 44 <> 45 |     17 |  1531 |
| 45 <> 46 |     17 |  1531 |
| 46 <> 47 |     17 |  1531 |
| 47 <> 48 |     17 |  1531 |
| 48 <> 49 |     12 |  1164 |
| 49 <> 50 |     22 |  1898 |
| 50 <> 51 |     27 |  2265 |
| 51 <> 52 |     17 |  1531 |
| 52 <> 53 |     17 |  1531 |
| 53 <> 54 |     22 |  1898 |
| 54 <> 55 |     17 |  1531 |
| 55 <> 56 |     17 |  1531 |
| 56 <> 57 |     17 |  1531 |
| 57 <> 58 |     17 |  1531 |
| 58 <> 59 |     17 |  1531 |
| 59 <> Dur|      9 |   873 |
=============================
