Running as user "root" and group "root". This could be dangerous.

=============================
| IO Statistics             |
|                           |
| Duration: 59.771951 secs  |
| Interval:  1 secs         |
|                           |
| Col 1: Frames and bytes   |
|---------------------------|
|          |1               |
| Interval | Frames | Bytes |
|---------------------------|
|  0 <>  1 |     18 |  1625 |
|  1 <>  2 |     21 |  1836 |
|  2 <>  3 |     21 |  1969 |
|  3 <>  4 |     12 |  1164 |
|  4 <>  5 |     15 |  1393 |
|  5 <>  6 |     16 |  1465 |
|  6 <>  7 |     16 |  1465 |
|  7 <>  8 |     12 |  1164 |
|  8 <>  9 |     26 |  2184 |
|  9 <> 10 |     30 |  2362 |
| 10 <> 11 |     40 |  3148 |
| 11 <> 12 |     15 |  1349 |
| 12 <> 13 |      2 |   219 |
| 13 <> 14 |      0 |     0 |
| 14 <> 15 |      5 |   364 |
| 15 <> 16 |      6 |   441 |
| 16 <> 17 |      0 |     0 |
| 17 <> 18 |      2 |   147 |
| 18 <> 19 |      2 |   273 |
| 19 <> 20 |      5 |   345 |
| 20 <> 21 |      0 |     0 |
| 21 <> 22 |      0 |     0 |
| 22 <> 23 |     51 |  4690 |
| 23 <> 24 |      5 |   429 |
| 24 <> 25 |     19 |  1391 |
| 25 <> 26 |      4 |   381 |
| 26 <> 27 |      4 |   381 |
| 27 <> 28 |    165 | 16236 |
| 28 <> 29 |     13 |  2028 |
| 29 <> 30 |     32 |  2635 |
| 30 <> 31 |     12 |  1164 |
| 31 <> 32 |     13 |  2028 |
| 32 <> 33 |     13 |  2028 |
| 33 <> 34 |     12 |  1164 |
| 34 <> 35 |     27 |  2265 |
| 35 <> 36 |     17 |  1531 |
| 36 <> 37 |     17 |  1531 |
| 37 <> 38 |     17 |  1531 |
| 38 <> 39 |     12 |  1164 |
| 39 <> 40 |     17 |  1531 |
| 40 <> 41 |     17 |  1531 |
| 41 <> 42 |     17 |  1531 |
| 42 <> 43 |     22 |  1898 |
| 43 <> 44 |     12 |  1164 |
| 44 <> 45 |     22 |  1898 |
| 45 <> 46 |     17 |  1531 |
| 46 <> 47 |     18 |  1601 |
| 47 <> 48 |     17 |  1531 |
| 48 <> 49 |     22 |  1898 |
| 49 <> 50 |     17 |  1531 |
| 50 <> 51 |     13 |  1367 |
| 51 <> 52 |     12 |  1164 |
| 52 <> 53 |     13 |  1230 |
| 53 <> 54 |     18 |  1597 |
| 54 <> 55 |     22 |  1898 |
| 55 <> 56 |     18 |  1601 |
| 56 <> 57 |     12 |  1164 |
| 57 <> 58 |     22 |  1898 |
| 58 <> 59 |     12 |  1164 |
| 59 <> Dur|     12 |  1164 |
=============================
