Running as user "root" and group "root". This could be dangerous.

=============================
| IO Statistics             |
|                           |
| Duration: 59.665053 secs  |
| Interval:  1 secs         |
|                           |
| Col 1: Frames and bytes   |
|---------------------------|
|          |1               |
| Interval | Frames | Bytes |
|---------------------------|
|  0 <>  1 |     21 |  1913 |
|  1 <>  2 |     19 |  1607 |
|  2 <>  3 |     15 |  1393 |
|  3 <>  4 |     15 |  1393 |
|  4 <>  5 |     15 |  1393 |
|  5 <>  6 |     12 |  1164 |
|  6 <>  7 |     12 |  1164 |
|  7 <>  8 |     15 |  1393 |
|  8 <>  9 |     27 |  2250 |
|  9 <> 10 |     33 |  2719 |
| 10 <> 11 |     32 |  2588 |
| 11 <> 12 |     29 |  2345 |
| 12 <> 13 |     30 |  2363 |
| 13 <> 14 |     21 |  1686 |
| 14 <> 15 |     25 |  1847 |
| 15 <> 16 |     27 |  2057 |
| 16 <> 17 |     10 |   783 |
| 17 <> 18 |      0 |     0 |
| 18 <> 19 |      0 |     0 |
| 19 <> 20 |      0 |     0 |
| 20 <> 21 |      0 |     0 |
| 21 <> 22 |      0 |     0 |
| 22 <> 23 |      0 |     0 |
| 23 <> 24 |      6 |   396 |
| 24 <> 25 |      5 |   345 |
| 25 <> 26 |      3 |   198 |
| 26 <> 27 |     89 |  8627 |
| 27 <> 28 |     56 |  5305 |
| 28 <> 29 |     55 |  5129 |
| 29 <> 30 |     17 |  1532 |
| 30 <> 31 |     17 |  1532 |
| 31 <> 32 |     12 |  1164 |
| 32 <> 33 |     12 |  1164 |
| 33 <> 34 |     22 |  1898 |
| 34 <> 35 |     22 |  1898 |
| 35 <> 36 |     17 |  1531 |
| 36 <> 37 |     12 |  1164 |
| 37 <> 38 |     17 |  1531 |
| 38 <> 39 |     17 |  1531 |
| 39 <> 40 |     17 |  1531 |
| 40 <> 41 |     22 |  1898 |
| 41 <> 42 |     17 |  1531 |
| 42 <> 43 |     17 |  1531 |
| 43 <> 44 |     17 |  1531 |
| 44 <> 45 |     17 |  1531 |
| 45 <> 46 |     22 |  1898 |
| 46 <> 47 |     17 |  1531 |
| 47 <> 48 |     12 |  1164 |
| 48 <> 49 |     17 |  1531 |
| 49 <> 50 |     22 |  1898 |
| 50 <> 51 |     17 |  1531 |
| 51 <> 52 |     12 |  1164 |
| 52 <> 53 |     12 |  1164 |
| 53 <> 54 |     17 |  1531 |
| 54 <> 55 |     22 |  1898 |
| 55 <> 56 |     22 |  1898 |
| 56 <> 57 |     22 |  1898 |
| 57 <> 58 |     17 |  1531 |
| 58 <> 59 |     12 |  1164 |
| 59 <> Dur|     12 |  1164 |
=============================
