Running as user "root" and group "root". This could be dangerous.

=============================
| IO Statistics             |
|                           |
| Duration: 59.724428 secs  |
| Interval:  1 secs         |
|                           |
| Col 1: Frames and bytes   |
|---------------------------|
|          |1               |
| Interval | Frames | Bytes |
|---------------------------|
|  0 <>  1 |     18 |  1684 |
|  1 <>  2 |     16 |  1378 |
|  2 <>  3 |     12 |  1164 |
|  3 <>  4 |     22 |  1898 |
|  4 <>  5 |     17 |  1531 |
|  5 <>  6 |     22 |  1898 |
|  6 <>  7 |     17 |  1531 |
|  7 <>  8 |     24 |  2021 |
|  8 <>  9 |     30 |  2481 |
|  9 <> 10 |     32 |  2588 |
| 10 <> 11 |     30 |  2410 |
| 11 <> 12 |     27 |  2165 |
| 12 <> 13 |     27 |  2135 |
| 13 <> 14 |     30 |  2303 |
| 14 <> 15 |     23 |  1763 |
| 15 <> 16 |      8 |   558 |
| 16 <> 17 |     24 | 19155 |
| 17 <> 18 |     42 | 36288 |
| 18 <> 19 |      4 |   285 |
| 19 <> 20 |      0 |     0 |
| 20 <> 21 |      6 |   396 |
| 21 <> 22 |      2 |   147 |
| 22 <> 23 |      3 |   198 |
| 23 <> 24 |     90 |  8414 |
| 24 <> 25 |      6 |   582 |
| 25 <> 26 |     55 |  5036 |
| 26 <> 27 |     12 |  1071 |
| 27 <> 28 |     15 |  1311 |
| 28 <> 29 |      9 |   873 |
| 29 <> 30 |     52 |  5134 |
| 30 <> 31 |     22 |  1898 |
| 31 <> 32 |     17 |  1532 |
| 32 <> 33 |     17 |  1531 |
| 33 <> 34 |     12 |  1164 |
| 34 <> 35 |     17 |  1531 |
| 35 <> 36 |     22 |  1898 |
| 36 <> 37 |     17 |  1531 |
| 37 <> 38 |     12 |  1164 |
| 38 <> 39 |     12 |  1164 |
| 39 <> 40 |     12 |  1164 |
| 40 <> 41 |     17 |  1531 |
| 41 <> 42 |     17 |  1531 |
| 42 <> 43 |     22 |  1898 |
| 43 <> 44 |     12 |  1164 |
| 44 <> 45 |     17 |  1531 |
| 45 <> 46 |     12 |  1164 |
| 46 <> 47 |     17 |  1531 |
| 47 <> 48 |     12 |  1164 |
| 48 <> 49 |     17 |  1531 |
| 49 <> 50 |     12 |  1164 |
| 50 <> 51 |     17 |  1531 |
| 51 <> 52 |     17 |  1531 |
| 52 <> 53 |     22 |  1898 |
| 53 <> 54 |     12 |  1164 |
| 54 <> 55 |     12 |  1164 |
| 55 <> 56 |     12 |  1164 |
| 56 <> 57 |     22 |  1898 |
| 57 <> 58 |     17 |  1531 |
| 58 <> 59 |     17 |  1531 |
| 59 <> Dur|     12 |  1164 |
=============================
