Running as user "root" and group "root". This could be dangerous.

=============================
| IO Statistics             |
|                           |
| Duration: 59.693423 secs  |
| Interval:  1 secs         |
|                           |
| Col 1: tcp.port==2404     |
|---------------------------|
|          |1               |
| Interval | Frames | Bytes |
|---------------------------|
|  0 <>  1 |     12 |  1164 |
|  1 <>  2 |     15 |  1393 |
|  2 <>  3 |     12 |  1164 |
|  3 <>  4 |     12 |  1164 |
|  4 <>  5 |     19 |  1694 |
|  5 <>  6 |     16 |  1465 |
|  6 <>  7 |     15 |  1399 |
|  7 <>  8 |     15 |  1393 |
|  8 <>  9 |     24 |  2021 |
|  9 <> 10 |     28 |  2349 |
| 10 <> 11 |     23 |  1978 |
| 11 <> 12 |     15 |  1462 |
| 12 <> 13 |     18 |  1508 |
| 13 <> 14 |     17 |  1436 |
| 14 <> 15 |     19 |  1536 |
| 15 <> 16 |      8 |   798 |
| 16 <> 17 |      5 |   452 |
| 17 <> 18 |      0 |     0 |
| 18 <> 19 |      0 |     0 |
| 19 <> 20 |      2 |   147 |
| 20 <> 21 |      5 |   345 |
| 21 <> 22 |      0 |     0 |
| 22 <> 23 |      4 |   270 |
| 23 <> 24 |     48 |  4225 |
| 24 <> 25 |      3 |   291 |
| 25 <> 26 |     58 |  5283 |
| 26 <> 27 |     44 |  4141 |
| 27 <> 28 |     14 |  1241 |
| 28 <> 29 |     17 |  1439 |
| 29 <> 30 |      9 |   873 |
| 30 <> 31 |     12 |  1102 |
| 31 <> 32 |     55 |  5332 |
| 32 <> 33 |     17 |  1531 |
| 33 <> 34 |     25 |  2128 |
| 34 <> 35 |     17 |  1531 |
| 35 <> 36 |     12 |  1164 |
| 36 <> 37 |     17 |  1531 |
| 37 <> 38 |     12 |  1164 |
| 38 <> 39 |     26 |  2199 |
| 39 <> 40 |     17 |  1531 |
| 40 <> 41 |     17 |  1531 |
| 41 <> 42 |     12 |  1164 |
| 42 <> 43 |     20 |  1760 |
| 43 <> 44 |     12 |  1164 |
| 44 <> 45 |     12 |  1164 |
| 45 <> 46 |     12 |  1164 |
| 46 <> 47 |     27 |  2265 |
| 47 <> 48 |     12 |  1164 |
| 48 <> 49 |     16 |  1465 |
| 49 <> 50 |     17 |  1531 |
| 50 <> 51 |     17 |  1531 |
| 51 <> 52 |     12 |  1164 |
| 52 <> 53 |     12 |  1164 |
| 53 <> 54 |     17 |  1531 |
| 54 <> 55 |     17 |  1531 |
| 55 <> 56 |     17 |  1531 |
| 56 <> 57 |     17 |  1531 |
| 57 <> 58 |     16 |  1465 |
| 58 <> 59 |     12 |  1164 |
| 59 <> Dur|     19 |  1607 |
=============================
