Running as user "root" and group "root". This could be dangerous.

=============================
| IO Statistics             |
|                           |
| Duration: 59.704389 secs  |
| Interval:  1 secs         |
|                           |
| Col 1: Frames and bytes   |
|---------------------------|
|          |1               |
| Interval | Frames | Bytes |
|---------------------------|
|  0 <>  1 |     15 |  1366 |
|  1 <>  2 |     12 |  1164 |
|  2 <>  3 |     12 |  1164 |
|  3 <>  4 |     13 |  1234 |
|  4 <>  5 |     12 |  1164 |
|  5 <>  6 |     18 |  1622 |
|  6 <>  7 |     13 |  1367 |
|  7 <>  8 |     18 |  1622 |
|  8 <>  9 |     19 |  1654 |
|  9 <> 10 |     39 |  3270 |
| 10 <> 11 |     23 |  2066 |
| 11 <> 12 |     25 |  2121 |
| 12 <> 13 |     15 |  1278 |
| 13 <> 14 |     11 |  1128 |
| 14 <> 15 |      3 |   337 |
| 15 <> 16 |      4 |   294 |
| 16 <> 17 |      4 |   294 |
| 17 <> 18 |      0 |     0 |
| 18 <> 19 |      4 |   294 |
| 19 <> 20 |      4 |   294 |
| 20 <> 21 |      0 |     0 |
| 21 <> 22 |      6 |   414 |
| 22 <> 23 |      1 |    90 |
| 23 <> 24 |      7 |   486 |
| 24 <> 25 |      6 |   396 |
| 25 <> 26 |      1 |   864 |
| 26 <> 27 |    107 | 10001 |
| 27 <> 28 |     98 |  9225 |
| 28 <> 29 |     21 |  1834 |
| 29 <> 30 |     23 |  2764 |
| 30 <> 31 |     12 |  1164 |
| 31 <> 32 |     12 |  1164 |
| 32 <> 33 |     12 |  1164 |
| 33 <> 34 |     22 |  2696 |
| 34 <> 35 |     22 |  1898 |
| 35 <> 36 |     21 |  1832 |
| 36 <> 37 |     13 |  2028 |
| 37 <> 38 |     21 |  1832 |
| 38 <> 39 |     14 |  1437 |
| 39 <> 40 |     12 |  1164 |
| 40 <> 41 |     12 |  1164 |
| 41 <> 42 |     12 |  1164 |
| 42 <> 43 |     31 |  2566 |
| 43 <> 44 |     12 |  1164 |
| 44 <> 45 |     12 |  1164 |
| 45 <> 46 |     12 |  1164 |
| 46 <> 47 |     12 |  1164 |
| 47 <> 48 |     12 |  1164 |
| 48 <> 49 |     21 |  1832 |
| 49 <> 50 |     22 |  1898 |
| 50 <> 51 |     12 |  1164 |
| 51 <> 52 |     12 |  1164 |
| 52 <> 53 |     12 |  1164 |
| 53 <> 54 |     12 |  1164 |
| 54 <> 55 |     20 |  1760 |
| 55 <> 56 |     12 |  1164 |
| 56 <> 57 |     21 |  1832 |
| 57 <> 58 |     21 |  1832 |
| 58 <> 59 |     17 |  1593 |
| 59 <> Dur|     15 |  1362 |
=============================
