Running as user "root" and group "root". This could be dangerous.

=============================
| IO Statistics             |
|                           |
| Duration: 59.804705 secs  |
| Interval:  1 secs         |
|                           |
| Col 1: tcp.port==2404     |
|---------------------------|
|          |1               |
| Interval | Frames | Bytes |
|---------------------------|
|  0 <>  1 |     13 |  1317 |
|  1 <>  2 |     17 |  1531 |
|  2 <>  3 |     16 |  1378 |
|  3 <>  4 |     15 |  1393 |
|  4 <>  5 |     22 |  1898 |
|  5 <>  6 |     17 |  1531 |
|  6 <>  7 |     17 |  1531 |
|  7 <>  8 |     20 |  1760 |
|  8 <>  9 |     24 |  2021 |
|  9 <> 10 |     18 |  1614 |
| 10 <> 11 |     42 |  3323 |
| 11 <> 12 |     25 |  2058 |
| 12 <> 13 |     31 |  2444 |
| 13 <> 14 |     32 |  2502 |
| 14 <> 15 |     24 |  1780 |
| 15 <> 16 |     25 |  1910 |
| 16 <> 17 |     13 |  1004 |
| 17 <> 18 |      0 |     0 |
| 18 <> 19 |      2 |   147 |
| 19 <> 20 |      2 |   147 |
| 20 <> 21 |      2 |   138 |
| 21 <> 22 |      5 |   336 |
| 22 <> 23 |      8 |   534 |
| 23 <> 24 |      2 |   147 |
| 24 <> 25 |     48 |  4498 |
| 25 <> 26 |     83 |  7952 |
| 26 <> 27 |     17 |  1439 |
| 27 <> 28 |     19 |  1609 |
| 28 <> 29 |      9 |   873 |
| 29 <> 30 |     49 |  4750 |
| 30 <> 31 |     12 |  1164 |
| 31 <> 32 |     22 |  1899 |
| 32 <> 33 |     22 |  1898 |
| 33 <> 34 |     12 |  1164 |
| 34 <> 35 |     17 |  1531 |
| 35 <> 36 |     22 |  1898 |
| 36 <> 37 |     17 |  1531 |
| 37 <> 38 |     17 |  1531 |
| 38 <> 39 |     17 |  1531 |
| 39 <> 40 |     12 |  1164 |
| 40 <> 41 |     12 |  1164 |
| 41 <> 42 |     19 |  1663 |
| 42 <> 43 |     19 |  1663 |
| 43 <> 44 |     12 |  1164 |
| 44 <> 45 |     12 |  1164 |
| 45 <> 46 |     12 |  1164 |
| 46 <> 47 |     17 |  1531 |
| 47 <> 48 |     17 |  1531 |
| 48 <> 49 |     12 |  1164 |
| 49 <> 50 |     12 |  1164 |
| 50 <> 51 |     17 |  1531 |
| 51 <> 52 |     17 |  1531 |
| 52 <> 53 |     12 |  1164 |
| 53 <> 54 |     12 |  1164 |
| 54 <> 55 |     17 |  1531 |
| 55 <> 56 |     17 |  1531 |
| 56 <> 57 |     12 |  1164 |
| 57 <> 58 |     17 |  1531 |
| 58 <> 59 |     17 |  1531 |
| 59 <> Dur|     12 |  1164 |
=============================
