Running as user "root" and group "root". This could be dangerous.

=============================
| IO Statistics             |
|                           |
| Duration: 59.324317 secs  |
| Interval:  1 secs         |
|                           |
| Col 1: Frames and bytes   |
|---------------------------|
|          |1               |
| Interval | Frames | Bytes |
|---------------------------|
|  0 <>  1 |     22 |  1898 |
|  1 <>  2 |     12 |  1164 |
|  2 <>  3 |     17 |  1531 |
|  3 <>  4 |     17 |  1531 |
|  4 <>  5 |     22 |  1898 |
|  5 <>  6 |     12 |  1164 |
|  6 <>  7 |     12 |  1164 |
|  7 <>  8 |     12 |  1164 |
|  8 <>  9 |     26 |  2168 |
|  9 <> 10 |     32 |  2636 |
| 10 <> 11 |     32 |  2587 |
| 11 <> 12 |     29 |  2345 |
| 12 <> 13 |     29 |  2297 |
| 13 <> 14 |     30 |  2348 |
| 14 <> 15 |     23 |  1715 |
| 15 <> 16 |     23 |  1740 |
| 16 <> 17 |      2 |   147 |
| 17 <> 18 |      2 |   147 |
| 18 <> 19 |      2 |   138 |
| 19 <> 20 |      0 |     0 |
| 20 <> 21 |      3 |   198 |
| 21 <> 22 |      0 |     0 |
| 22 <> 23 |      3 |   198 |
| 23 <> 24 |     50 |  4543 |
| 24 <> 25 |      3 |   291 |
| 25 <> 26 |     51 |  4641 |
| 26 <> 27 |      6 |   582 |
| 27 <> 28 |     11 |   950 |
| 28 <> 29 |    100 |  9638 |
| 29 <> 30 |     12 |  1164 |
| 30 <> 31 |     27 |  2267 |
| 31 <> 32 |     12 |  1164 |
| 32 <> 33 |     17 |  1531 |
| 33 <> 34 |     12 |  1164 |
| 34 <> 35 |     12 |  1164 |
| 35 <> 36 |     22 |  1898 |
| 36 <> 37 |     17 |  1531 |
| 37 <> 38 |     12 |  1164 |
| 38 <> 39 |     17 |  1531 |
| 39 <> 40 |     12 |  1164 |
| 40 <> 41 |     12 |  1164 |
| 41 <> 42 |     17 |  1531 |
| 42 <> 43 |     17 |  1531 |
| 43 <> 44 |     17 |  1531 |
| 44 <> 45 |     22 |  1898 |
| 45 <> 46 |     12 |  1164 |
| 46 <> 47 |     17 |  1531 |
| 47 <> 48 |     17 |  1531 |
| 48 <> 49 |     12 |  1164 |
| 49 <> 50 |     12 |  1164 |
| 50 <> 51 |     17 |  1531 |
| 51 <> 52 |     12 |  1164 |
| 52 <> 53 |     17 |  1531 |
| 53 <> 54 |     22 |  1898 |
| 54 <> 55 |     22 |  1898 |
| 55 <> 56 |     17 |  1531 |
| 56 <> 57 |     56 | 35227 |
| 57 <> 58 |     37 | 22764 |
| 58 <> 59 |     12 |  1164 |
| 59 <> Dur|      9 |   873 |
=============================
