Running as user "root" and group "root". This could be dangerous.

=============================
| IO Statistics             |
|                           |
| Duration: 59.262312 secs  |
| Interval:  1 secs         |
|                           |
| Col 1: Frames and bytes   |
|---------------------------|
|          |1               |
| Interval | Frames | Bytes |
|---------------------------|
|  0 <>  1 |     13 |  1317 |
|  1 <>  2 |     16 |  1465 |
|  2 <>  3 |     16 |  1378 |
|  3 <>  4 |     12 |  1164 |
|  4 <>  5 |     15 |  1393 |
|  5 <>  6 |     16 |  1465 |
|  6 <>  7 |     17 |  1531 |
|  7 <>  8 |     13 |  1254 |
|  8 <>  9 |     28 |  2346 |
|  9 <> 10 |     26 |  3022 |
| 10 <> 11 |     20 |  1746 |
| 11 <> 12 |     17 |  1556 |
| 12 <> 13 |     25 |  2843 |
| 13 <> 14 |     19 |  1572 |
| 14 <> 15 |     13 |  1153 |
| 15 <> 16 |      5 |   464 |
| 16 <> 17 |      5 |  1218 |
| 17 <> 18 |      1 |    70 |
| 18 <> 19 |      0 |     0 |
| 19 <> 20 |      4 |   294 |
| 20 <> 21 |      1 |   864 |
| 21 <> 22 |      5 |   336 |
| 22 <> 23 |      6 |   406 |
| 23 <> 24 |      2 |   147 |
| 24 <> 25 |     49 |  4564 |
| 25 <> 26 |     54 |  4900 |
| 26 <> 27 |     11 |   950 |
| 27 <> 28 |     13 |  1082 |
| 28 <> 29 |     10 |   983 |
| 29 <> 30 |      6 |   582 |
| 30 <> 31 |     51 |  4882 |
| 31 <> 32 |     63 |  6083 |
| 32 <> 33 |     21 |  1833 |
| 33 <> 34 |     26 |  2200 |
| 34 <> 35 |     12 |  1164 |
| 35 <> 36 |     12 |  1164 |
| 36 <> 37 |     12 |  1164 |
| 37 <> 38 |     17 |  1531 |
| 38 <> 39 |     17 |  1531 |
| 39 <> 40 |     22 |  1898 |
| 40 <> 41 |     17 |  1531 |
| 41 <> 42 |     21 |  1832 |
| 42 <> 43 |     12 |  1164 |
| 43 <> 44 |     12 |  1164 |
| 44 <> 45 |     12 |  1164 |
| 45 <> 46 |     22 |  1898 |
| 46 <> 47 |     21 |  1832 |
| 47 <> 48 |     12 |  1164 |
| 48 <> 49 |     12 |  1164 |
| 49 <> 50 |     16 |  1465 |
| 50 <> 51 |     12 |  1164 |
| 51 <> 52 |     21 |  1832 |
| 52 <> 53 |     17 |  1531 |
| 53 <> 54 |     16 |  1465 |
| 54 <> 55 |     22 |  1898 |
| 55 <> 56 |     12 |  1164 |
| 56 <> 57 |     12 |  1164 |
| 57 <> 58 |     12 |  1164 |
| 58 <> 59 |     12 |  1164 |
| 59 <> Dur|      6 |   582 |
=============================
