Running as user "root" and group "root". This could be dangerous.

=============================
| IO Statistics             |
|                           |
| Duration: 59.676789 secs  |
| Interval:  1 secs         |
|                           |
| Col 1: tcp.port==2404     |
|---------------------------|
|          |1               |
| Interval | Frames | Bytes |
|---------------------------|
|  0 <>  1 |     19 |  1750 |
|  1 <>  2 |     12 |  1164 |
|  2 <>  3 |     17 |  1531 |
|  3 <>  4 |     11 |  1011 |
|  4 <>  5 |     18 |  1678 |
|  5 <>  6 |     13 |  1143 |
|  6 <>  7 |     16 |  1459 |
|  7 <>  8 |     12 |  1164 |
|  8 <>  9 |     22 |  1883 |
|  9 <> 10 |     33 |  2713 |
| 10 <> 11 |     24 |  1986 |
| 11 <> 12 |     17 |  1443 |
| 12 <> 13 |     18 |  1459 |
| 13 <> 14 |     11 |   969 |
| 14 <> 15 |      6 |   530 |
| 15 <> 16 |      0 |     0 |
| 16 <> 17 |      4 |   294 |
| 17 <> 18 |      2 |   147 |
| 18 <> 19 |      4 |   294 |
| 19 <> 20 |      4 |   270 |
| 20 <> 21 |      0 |     0 |
| 21 <> 22 |      5 |   345 |
| 22 <> 23 |     47 |  4246 |
| 23 <> 24 |      3 |   291 |
| 24 <> 25 |     61 |  5400 |
| 25 <> 26 |      6 |   582 |
| 26 <> 27 |     15 |  1220 |
| 27 <> 28 |      6 |   582 |
| 28 <> 29 |      6 |   582 |
| 29 <> 30 |     72 |  6491 |
| 30 <> 31 |      9 |   873 |
| 31 <> 32 |     19 |  1608 |
| 32 <> 33 |     62 |  6073 |
| 33 <> 34 |     12 |  1164 |
| 34 <> 35 |     17 |  1532 |
| 35 <> 36 |     17 |  1531 |
| 36 <> 37 |     17 |  1531 |
| 37 <> 38 |     12 |  1164 |
| 38 <> 39 |     22 |  1898 |
| 39 <> 40 |     27 |  2265 |
| 40 <> 41 |     12 |  1164 |
| 41 <> 42 |     22 |  1898 |
| 42 <> 43 |     12 |  1164 |
| 43 <> 44 |     17 |  1531 |
| 44 <> 45 |     12 |  1164 |
| 45 <> 46 |     17 |  1531 |
| 46 <> 47 |     12 |  1164 |
| 47 <> 48 |     22 |  1898 |
| 48 <> 49 |     17 |  1531 |
| 49 <> 50 |     12 |  1164 |
| 50 <> 51 |     12 |  1164 |
| 51 <> 52 |     17 |  1531 |
| 52 <> 53 |     12 |  1164 |
| 53 <> 54 |     17 |  1531 |
| 54 <> 55 |     12 |  1164 |
| 55 <> 56 |     22 |  1898 |
| 56 <> 57 |     17 |  1531 |
| 57 <> 58 |     12 |  1164 |
| 58 <> 59 |     13 |  1230 |
| 59 <> Dur|     13 |  1230 |
=============================
