Running as user "root" and group "root". This could be dangerous.

=============================
| IO Statistics             |
|                           |
| Duration: 58.180452 secs  |
| Interval:  1 secs         |
|                           |
| Col 1: Frames and bytes   |
|---------------------------|
|          |1               |
| Interval | Frames | Bytes |
|---------------------------|
|  0 <>  1 |      5 |   697 |
|  1 <>  2 |      3 |   291 |
|  2 <>  3 |      3 |   291 |
|  3 <>  4 |      3 |   291 |
|  4 <>  5 |      4 |   357 |
|  5 <>  6 |      4 |   357 |
|  6 <>  7 |      4 |   357 |
|  7 <>  8 |      3 |   291 |
|  8 <>  9 |      6 |   520 |
|  9 <> 10 |      7 |   592 |
| 10 <> 11 |      3 |   291 |
| 11 <> 12 |      3 |   291 |
| 12 <> 13 |     11 |   847 |
| 13 <> 14 |      6 |   509 |
| 14 <> 15 |      4 |   366 |
| 15 <> 16 |      1 |    70 |
| 16 <> 17 |      4 |   553 |
| 17 <> 18 |      0 |     0 |
| 18 <> 19 |      0 |     0 |
| 19 <> 20 |      0 |     0 |
| 20 <> 21 |      0 |     0 |
| 21 <> 22 |      2 |   147 |
| 22 <> 23 |      0 |     0 |
| 23 <> 24 |      0 |     0 |
| 24 <> 25 |      3 |   228 |
| 25 <> 26 |      1 |    90 |
| 26 <> 27 |      0 |     0 |
| 27 <> 28 |      1 |   864 |
| 28 <> 29 |      0 |     0 |
| 29 <> 30 |      4 |  1062 |
| 30 <> 31 |      0 |     0 |
| 31 <> 32 |      0 |     0 |
| 32 <> 33 |     54 |  6064 |
| 33 <> 34 |      3 |   291 |
| 34 <> 35 |      9 |  1523 |
| 35 <> 36 |      3 |   291 |
| 36 <> 37 |      3 |   291 |
| 37 <> 38 |      3 |   291 |
| 38 <> 39 |      3 |   291 |
| 39 <> 40 |      8 |   658 |
| 40 <> 41 |      4 |   381 |
| 41 <> 42 |      9 |   748 |
| 42 <> 43 |      5 |  1225 |
| 43 <> 44 |      6 |  2883 |
| 44 <> 45 |      3 |   291 |
| 45 <> 46 |      8 |   658 |
| 46 <> 47 |      3 |   291 |
| 47 <> 48 |      3 |   291 |
| 48 <> 49 |      5 |   697 |
| 49 <> 50 |      5 |   431 |
| 50 <> 51 |      5 |  2019 |
| 51 <> 52 |      9 |  5475 |
| 52 <> 53 |      3 |   291 |
| 53 <> 54 |      8 |   658 |
| 54 <> 55 |      3 |   291 |
| 55 <> 56 |      3 |   291 |
| 56 <> 57 |      3 |   291 |
| 57 <> 58 |      3 |   291 |
| 58 <> Dur|      3 |   291 |
=============================
