Running as user "root" and group "root". This could be dangerous.

=============================
| IO Statistics             |
|                           |
| Duration: 59.581470 secs  |
| Interval:  1 secs         |
|                           |
| Col 1: tcp.port==2404     |
|---------------------------|
|          |1               |
| Interval | Frames | Bytes |
|---------------------------|
|  0 <>  1 |     14 |  1383 |
|  1 <>  2 |     12 |  1164 |
|  2 <>  3 |     12 |  1164 |
|  3 <>  4 |     14 |  1240 |
|  4 <>  5 |     16 |  1465 |
|  5 <>  6 |     17 |  1531 |
|  6 <>  7 |     16 |  1465 |
|  7 <>  8 |     12 |  1164 |
|  8 <>  9 |     19 |  1654 |
|  9 <> 10 |     24 |  2046 |
| 10 <> 11 |     17 |  1531 |
| 11 <> 12 |     21 |  1833 |
| 12 <> 13 |     19 |  1691 |
| 13 <> 14 |     15 |  1394 |
| 14 <> 15 |     18 |  1623 |
| 15 <> 16 |     16 |  1475 |
| 16 <> 17 |     13 |  1239 |
| 17 <> 18 |     12 |  1174 |
| 18 <> 19 |     15 |  1393 |
| 19 <> 20 |     20 |  1720 |
| 20 <> 21 |     16 |  1474 |
| 21 <> 22 |     12 |  1112 |
| 22 <> 23 |     20 |  1667 |
| 23 <> 24 |      9 |   883 |
| 24 <> 25 |      8 |   801 |
| 25 <> 26 |     33 |  2944 |
| 26 <> 27 |     12 |  1174 |
| 27 <> 28 |     20 |  1761 |
| 28 <> 29 |     11 |  1092 |
| 29 <> 30 |     13 |  1239 |
| 30 <> 31 |     23 |  1959 |
| 31 <> 32 |     16 |  1457 |
| 32 <> 33 |     20 |  1698 |
| 33 <> 34 |      8 |   801 |
| 34 <> 35 |      9 |   883 |
| 35 <> 36 |      8 |   801 |
| 36 <> 37 |     11 |   999 |
| 37 <> 38 |      9 |   883 |
| 38 <> 39 |     13 |  1168 |
| 39 <> 40 |     47 |  4184 |
| 40 <> 41 |     26 |  2153 |
| 41 <> 42 |     22 |  1907 |
| 42 <> 43 |     11 |  1030 |
| 43 <> 44 |     23 |  2021 |
| 44 <> 45 |     12 |  1174 |
| 45 <> 46 |     20 |  1761 |
| 46 <> 47 |     14 |  1321 |
| 47 <> 48 |     11 |  1092 |
| 48 <> 49 |     12 |  1174 |
| 49 <> 50 |     17 |  1540 |
| 50 <> 51 |     16 |  1459 |
| 51 <> 52 |     18 |  1597 |
| 52 <> 53 |     18 |  1579 |
| 53 <> 54 |     13 |  1174 |
| 54 <> 55 |      9 |   873 |
| 55 <> 56 |     26 |  2302 |
| 56 <> 57 |     17 |  1531 |
| 57 <> 58 |     22 |  1899 |
| 58 <> 59 |     12 |  1164 |
| 59 <> Dur|     12 |  1164 |
=============================
