Running as user "root" and group "root". This could be dangerous.

=============================
| IO Statistics             |
|                           |
| Duration: 59.567272 secs  |
| Interval:  1 secs         |
|                           |
| Col 1: tcp.port==2404     |
|---------------------------|
|          |1               |
| Interval | Frames | Bytes |
|---------------------------|
|  0 <>  1 |     13 |  1317 |
|  1 <>  2 |     19 |  1694 |
|  2 <>  3 |     11 |  1011 |
|  3 <>  4 |     12 |  1164 |
|  4 <>  5 |     12 |  1164 |
|  5 <>  6 |     16 |  1465 |
|  6 <>  7 |     19 |  1694 |
|  7 <>  8 |     16 |  1465 |
|  8 <>  9 |     13 |  1238 |
|  9 <> 10 |     26 |  2183 |
| 10 <> 11 |     36 |  2817 |
| 11 <> 12 |     20 |  1681 |
| 12 <> 13 |     13 |  1145 |
| 13 <> 14 |      2 |   219 |
| 14 <> 15 |      0 |     0 |
| 15 <> 16 |      6 |   441 |
| 16 <> 17 |      0 |     0 |
| 17 <> 18 |      4 |   294 |
| 18 <> 19 |      0 |     0 |
| 19 <> 20 |      0 |     0 |
| 20 <> 21 |      6 |   432 |
| 21 <> 22 |      0 |     0 |
| 22 <> 23 |      0 |     0 |
| 23 <> 24 |      0 |     0 |
| 24 <> 25 |      6 |   396 |
| 25 <> 26 |      2 |   138 |
| 26 <> 27 |      3 |   198 |
| 27 <> 28 |    110 | 10292 |
| 28 <> 29 |      9 |   780 |
| 29 <> 30 |     68 |  6353 |
| 30 <> 31 |     10 |   939 |
| 31 <> 32 |     80 |  7485 |
| 32 <> 33 |     12 |  1164 |
| 33 <> 34 |     15 |  1394 |
| 34 <> 35 |     19 |  1694 |
| 35 <> 36 |     19 |  1694 |
| 36 <> 37 |     15 |  1393 |
| 37 <> 38 |     12 |  1164 |
| 38 <> 39 |     17 |  1531 |
| 39 <> 40 |     25 |  2127 |
| 40 <> 41 |     16 |  1465 |
| 41 <> 42 |     22 |  1898 |
| 42 <> 43 |     17 |  1531 |
| 43 <> 44 |     12 |  1164 |
| 44 <> 45 |     12 |  1164 |
| 45 <> 46 |     17 |  1531 |
| 46 <> 47 |     12 |  1164 |
| 47 <> 48 |     12 |  1164 |
| 48 <> 49 |     24 |  2061 |
| 49 <> 50 |     12 |  1164 |
| 50 <> 51 |     12 |  1164 |
| 51 <> 52 |     12 |  1164 |
| 52 <> 53 |     17 |  1531 |
| 53 <> 54 |     12 |  1164 |
| 54 <> 55 |     22 |  1898 |
| 55 <> 56 |     16 |  1465 |
| 56 <> 57 |     12 |  1164 |
| 57 <> 58 |     15 |  1393 |
| 58 <> 59 |     12 |  1164 |
| 59 <> Dur|     12 |  1164 |
=============================
