Running as user "root" and group "root". This could be dangerous.

=============================
| IO Statistics             |
|                           |
| Duration: 59.666159 secs  |
| Interval:  1 secs         |
|                           |
| Col 1: tcp.port==2404     |
|---------------------------|
|          |1               |
| Interval | Frames | Bytes |
|---------------------------|
|  0 <>  1 |     27 |  2265 |
|  1 <>  2 |     12 |  1164 |
|  2 <>  3 |     12 |  1164 |
|  3 <>  4 |     22 |  1898 |
|  4 <>  5 |     12 |  1164 |
|  5 <>  6 |     12 |  1164 |
|  6 <>  7 |     12 |  1164 |
|  7 <>  8 |     17 |  1531 |
|  8 <>  9 |     34 |  2755 |
|  9 <> 10 |     37 |  3002 |
| 10 <> 11 |     35 |  2730 |
| 11 <> 12 |     27 |  2190 |
| 12 <> 13 |     29 |  2297 |
| 13 <> 14 |     32 |  2487 |
| 14 <> 15 |     27 |  2009 |
| 15 <> 16 |     25 |  1910 |
| 16 <> 17 |      5 |   345 |
| 17 <> 18 |      0 |     0 |
| 18 <> 19 |      2 |   147 |
| 19 <> 20 |      0 |     0 |
| 20 <> 21 |      2 |   147 |
| 21 <> 22 |      6 |   432 |
| 22 <> 23 |      0 |     0 |
| 23 <> 24 |      0 |     0 |
| 24 <> 25 |      5 |   336 |
| 25 <> 26 |      3 |   198 |
| 26 <> 27 |      0 |     0 |
| 27 <> 28 |     50 |  4723 |
| 28 <> 29 |     65 |  6178 |
| 29 <> 30 |     14 |  1148 |
| 30 <> 31 |     11 |   950 |
| 31 <> 32 |     52 |  5134 |
| 32 <> 33 |     64 |  6298 |
| 33 <> 34 |     17 |  1532 |
| 34 <> 35 |     22 |  1899 |
| 35 <> 36 |     17 |  1531 |
| 36 <> 37 |     12 |  1164 |
| 37 <> 38 |     12 |  1164 |
| 38 <> 39 |     17 |  1531 |
| 39 <> 40 |     22 |  1898 |
| 40 <> 41 |     17 |  1531 |
| 41 <> 42 |     17 |  1531 |
| 42 <> 43 |     22 |  1898 |
| 43 <> 44 |     12 |  1164 |
| 44 <> 45 |     12 |  1164 |
| 45 <> 46 |     12 |  1164 |
| 46 <> 47 |     17 |  1531 |
| 47 <> 48 |     27 |  2265 |
| 48 <> 49 |     17 |  1531 |
| 49 <> 50 |     27 |  2265 |
| 50 <> 51 |     17 |  1531 |
| 51 <> 52 |     17 |  1531 |
| 52 <> 53 |     12 |  1164 |
| 53 <> 54 |     17 |  1531 |
| 54 <> 55 |     17 |  1531 |
| 55 <> 56 |     17 |  1531 |
| 56 <> 57 |     12 |  1164 |
| 57 <> 58 |     17 |  1531 |
| 58 <> 59 |     17 |  1531 |
| 59 <> Dur|     17 |  1531 |
=============================
