Running as user "root" and group "root". This could be dangerous.

=============================
| IO Statistics             |
|                           |
| Duration: 59.576485 secs  |
| Interval:  1 secs         |
|                           |
| Col 1: Frames and bytes   |
|---------------------------|
|          |1               |
| Interval | Frames | Bytes |
|---------------------------|
|  0 <>  1 |     13 |  1317 |
|  1 <>  2 |     20 |  1760 |
|  2 <>  3 |     19 |  1611 |
|  3 <>  4 |     12 |  1164 |
|  4 <>  5 |     20 |  1764 |
|  5 <>  6 |     12 |  1164 |
|  6 <>  7 |     21 |  1963 |
|  7 <>  8 |     12 |  1164 |
|  8 <>  9 |     27 |  2250 |
|  9 <> 10 |     18 |  1598 |
| 10 <> 11 |     24 |  2064 |
| 11 <> 12 |     13 |  1230 |
| 12 <> 13 |     16 |  1476 |
| 13 <> 14 |     12 |  1174 |
| 14 <> 15 |     20 |  1770 |
| 15 <> 16 |     12 |  1174 |
| 16 <> 17 |     18 |  1582 |
| 17 <> 18 |     16 |  1486 |
| 18 <> 19 |      9 |   895 |
| 19 <> 20 |     24 |  1974 |
| 20 <> 21 |     11 |  1042 |
| 21 <> 22 |      8 |   813 |
| 22 <> 23 |     33 |  2956 |
| 23 <> 24 |     13 |  1251 |
| 24 <> 25 |     26 |  2191 |
| 25 <> 26 |     15 |  1404 |
| 26 <> 27 |     15 |  1331 |
| 27 <> 28 |      9 |   883 |
| 28 <> 29 |     15 |  1331 |
| 29 <> 30 |     20 |  1688 |
| 30 <> 31 |     16 |  1366 |
| 31 <> 32 |      8 |   801 |
| 32 <> 33 |      9 |   883 |
| 33 <> 34 |     60 |  5134 |
| 34 <> 35 |     17 |  1551 |
| 35 <> 36 |     13 |  1181 |
| 36 <> 37 |     16 |  1378 |
| 37 <> 38 |      8 |   813 |
| 38 <> 39 |      9 |  1016 |
| 39 <> 40 |     36 |  3185 |
| 40 <> 41 |     21 |  1838 |
| 41 <> 42 |     17 |  1530 |
| 42 <> 43 |      9 |   873 |
| 43 <> 44 |      9 |   873 |
| 44 <> 45 |      9 |   873 |
| 45 <> 46 |      9 |   873 |
| 46 <> 47 |     26 |  2112 |
| 47 <> 48 |     12 |  1071 |
| 48 <> 49 |      9 |   873 |
| 49 <> 50 |     14 |  1240 |
| 50 <> 51 |     44 |  4048 |
| 51 <> 52 |     12 |  1164 |
| 52 <> 53 |     17 |  1532 |
| 53 <> 54 |     12 |  1164 |
| 54 <> 55 |     12 |  1164 |
| 55 <> 56 |     22 |  1898 |
| 56 <> 57 |     12 |  1164 |
| 57 <> 58 |     22 |  1898 |
| 58 <> 59 |     12 |  1164 |
| 59 <> Dur|     19 |  1607 |
=============================
