Running as user "root" and group "root". This could be dangerous.

=============================
| IO Statistics             |
|                           |
| Duration: 59.343506 secs  |
| Interval:  1 secs         |
|                           |
| Col 1: Frames and bytes   |
|---------------------------|
|          |1               |
| Interval | Frames | Bytes |
|---------------------------|
|  0 <>  1 |     17 |  1531 |
|  1 <>  2 |     22 |  1898 |
|  2 <>  3 |     12 |  1164 |
|  3 <>  4 |     17 |  1531 |
|  4 <>  5 |     12 |  1164 |
|  5 <>  6 |     17 |  1531 |
|  6 <>  7 |     22 |  1898 |
|  7 <>  8 |     12 |  1164 |
|  8 <>  9 |     25 |  2088 |
|  9 <> 10 |     32 |  2636 |
| 10 <> 11 |     40 |  3097 |
| 11 <> 12 |     28 |  2256 |
| 12 <> 13 |     28 |  2153 |
| 13 <> 14 |     31 |  2374 |
| 14 <> 15 |     21 |  1608 |
| 15 <> 16 |     22 |  1666 |
| 16 <> 17 |      0 |     0 |
| 17 <> 18 |      2 |   147 |
| 18 <> 19 |      0 |     0 |
| 19 <> 20 |      0 |     0 |
| 20 <> 21 |      2 |   147 |
| 21 <> 22 |      2 |   138 |
| 22 <> 23 |      2 |   138 |
| 23 <> 24 |      6 |   396 |
| 24 <> 25 |      2 |   138 |
| 25 <> 26 |      8 |   534 |
| 26 <> 27 |    106 | 10028 |
| 27 <> 28 |      6 |   582 |
| 28 <> 29 |     99 |  9456 |
| 29 <> 30 |     12 |  1164 |
| 30 <> 31 |     22 |  1900 |
| 31 <> 32 |     12 |  1164 |
| 32 <> 33 |     12 |  1164 |
| 33 <> 34 |     22 |  1898 |
| 34 <> 35 |     17 |  1531 |
| 35 <> 36 |     22 |  1898 |
| 36 <> 37 |     12 |  1164 |
| 37 <> 38 |     17 |  1531 |
| 38 <> 39 |     12 |  1164 |
| 39 <> 40 |     17 |  1531 |
| 40 <> 41 |     17 |  1531 |
| 41 <> 42 |     17 |  1531 |
| 42 <> 43 |     17 |  1531 |
| 43 <> 44 |     17 |  1531 |
| 44 <> 45 |     22 |  1898 |
| 45 <> 46 |     12 |  1164 |
| 46 <> 47 |     17 |  1531 |
| 47 <> 48 |     17 |  1531 |
| 48 <> 49 |     22 |  1898 |
| 49 <> 50 |     17 |  1531 |
| 50 <> 51 |     17 |  1531 |
| 51 <> 52 |     12 |  1164 |
| 52 <> 53 |     12 |  1164 |
| 53 <> 54 |     17 |  1531 |
| 54 <> 55 |     12 |  1164 |
| 55 <> 56 |     17 |  1531 |
| 56 <> 57 |     17 |  1531 |
| 57 <> 58 |     17 |  1531 |
| 58 <> 59 |     22 |  1898 |
| 59 <> Dur|     11 |   949 |
=============================
