Running as user "root" and group "root". This could be dangerous.

=============================
| IO Statistics             |
|                           |
| Duration: 59. 24060 secs  |
| Interval:  1 secs         |
|                           |
| Col 1: Frames and bytes   |
|---------------------------|
|          |1               |
| Interval | Frames | Bytes |
|---------------------------|
|  0 <>  1 |      8 |   745 |
|  1 <>  2 |      4 |  1155 |
|  2 <>  3 |      2 |   138 |
|  3 <>  4 |      3 |   291 |
|  4 <>  5 |      3 |   291 |
|  5 <>  6 |      7 |   592 |
|  6 <>  7 |      8 |   662 |
|  7 <>  8 |      3 |   291 |
|  8 <>  9 |      9 |   865 |
|  9 <> 10 |      4 |   494 |
| 10 <> 11 |      3 |   291 |
| 11 <> 12 |      7 |   592 |
| 12 <> 13 |      3 |   291 |
| 13 <> 14 |      3 |   291 |
| 14 <> 15 |      3 |   291 |
| 15 <> 16 |      3 |   291 |
| 16 <> 17 |      3 |   291 |
| 17 <> 18 |      3 |   291 |
| 18 <> 19 |      3 |   291 |
| 19 <> 20 |      3 |   291 |
| 20 <> 21 |      7 |   592 |
| 21 <> 22 |      3 |   291 |
| 22 <> 23 |      3 |   291 |
| 23 <> 24 |      3 |   291 |
| 24 <> 25 |      3 |   291 |
| 25 <> 26 |     13 |  1027 |
| 26 <> 27 |      5 |   448 |
| 27 <> 28 |      3 |   301 |
| 28 <> 29 |      8 |  1492 |
| 29 <> 30 |      2 |   219 |
| 30 <> 31 |      2 |   219 |
| 31 <> 32 |      2 |   207 |
| 32 <> 33 |      3 |  1011 |
| 33 <> 34 |      0 |     0 |
| 34 <> 35 |      2 |  1728 |
| 35 <> 36 |      0 |     0 |
| 36 <> 37 |      4 |   270 |
| 37 <> 38 |      1 |    70 |
| 38 <> 39 |      0 |     0 |
| 39 <> 40 |      4 |   286 |
| 40 <> 41 |     31 |  3026 |
| 41 <> 42 |      5 |   576 |
| 42 <> 43 |      6 |   511 |
| 43 <> 44 |      3 |   291 |
| 44 <> 45 |      4 |   361 |
| 45 <> 46 |      3 |   291 |
| 46 <> 47 |      4 |   372 |
| 47 <> 48 |      6 |   511 |
| 48 <> 49 |      3 |   291 |
| 49 <> 50 |      4 |   372 |
| 50 <> 51 |      6 |   511 |
| 51 <> 52 |      3 |   291 |
| 52 <> 53 |      3 |   291 |
| 53 <> 54 |      7 |   592 |
| 54 <> 55 |      3 |   291 |
| 55 <> 56 |      3 |   291 |
| 56 <> 57 |      3 |   291 |
| 57 <> 58 |      3 |   291 |
| 58 <> 59 |      3 |   291 |
| 59 <> Dur|      3 |   291 |
=============================
