Running as user "root" and group "root". This could be dangerous.

=============================
| IO Statistics             |
|                           |
| Duration: 59.545980 secs  |
| Interval:  1 secs         |
|                           |
| Col 1: Frames and bytes   |
|---------------------------|
|          |1               |
| Interval | Frames | Bytes |
|---------------------------|
|  0 <>  1 |     16 |  1465 |
|  1 <>  2 |     19 |  1694 |
|  2 <>  3 |     12 |  1164 |
|  3 <>  4 |     16 |  1465 |
|  4 <>  5 |     12 |  1164 |
|  5 <>  6 |     13 |  1234 |
|  6 <>  7 |     20 |  1764 |
|  7 <>  8 |     16 |  1465 |
|  8 <>  9 |     26 |  2184 |
|  9 <> 10 |     23 |  2102 |
| 10 <> 11 |     21 |  1833 |
| 11 <> 12 |     18 |  1639 |
| 12 <> 13 |     16 |  1475 |
| 13 <> 14 |     17 |  1541 |
| 14 <> 15 |     23 |  1983 |
| 15 <> 16 |     16 |  1491 |
| 16 <> 17 |     10 |  1747 |
| 17 <> 18 |     10 |   948 |
| 18 <> 19 |     11 |  1030 |
| 19 <> 20 |     18 |  1513 |
| 20 <> 21 |     19 |  1591 |
| 21 <> 22 |     11 |  1757 |
| 22 <> 23 |     38 |  4181 |
| 23 <> 24 |     11 |  1030 |
| 24 <> 25 |     15 |  1316 |
| 25 <> 26 |     19 |  2353 |
| 26 <> 27 |     11 |  1045 |
| 27 <> 28 |      8 |   739 |
| 28 <> 29 |     42 |  3739 |
| 29 <> 30 |     16 |  1397 |
| 30 <> 31 |     16 |  1367 |
| 31 <> 32 |      8 |   789 |
| 32 <> 33 |      6 |   582 |
| 33 <> 34 |     40 |  3557 |
| 34 <> 35 |      9 |   873 |
| 35 <> 36 |     19 |  1608 |
| 36 <> 37 |     10 |   943 |
| 37 <> 38 |     14 |  1213 |
| 38 <> 39 |      9 |   873 |
| 39 <> 40 |     14 |  1240 |
| 40 <> 41 |     48 |  4349 |
| 41 <> 42 |     18 |  1734 |
| 42 <> 43 |     26 |  2200 |
| 43 <> 44 |     12 |  1164 |
| 44 <> 45 |     12 |  1164 |
| 45 <> 46 |     17 |  1531 |
| 46 <> 47 |     12 |  1164 |
| 47 <> 48 |     16 |  1465 |
| 48 <> 49 |     12 |  1164 |
| 49 <> 50 |     22 |  1898 |
| 50 <> 51 |     16 |  1465 |
| 51 <> 52 |     17 |  1531 |
| 52 <> 53 |     12 |  1164 |
| 53 <> 54 |     16 |  1465 |
| 54 <> 55 |     17 |  1531 |
| 55 <> 56 |     22 |  1898 |
| 56 <> 57 |     17 |  1531 |
| 57 <> 58 |     17 |  1531 |
| 58 <> 59 |     12 |  1164 |
| 59 <> Dur|     17 |  1531 |
=============================
