Running as user "root" and group "root". This could be dangerous.

=============================
| IO Statistics             |
|                           |
| Duration: 59.241861 secs  |
| Interval:  1 secs         |
|                           |
| Col 1: Frames and bytes   |
|---------------------------|
|          |1               |
| Interval | Frames | Bytes |
|---------------------------|
|  0 <>  1 |     14 |  2098 |
|  1 <>  2 |     18 |  1688 |
|  2 <>  3 |     21 |  1770 |
|  3 <>  4 |     13 |  1367 |
|  4 <>  5 |     13 |  2028 |
|  5 <>  6 |     12 |  1164 |
|  6 <>  7 |     13 |  2028 |
|  7 <>  8 |     20 |  1766 |
|  8 <>  9 |     24 |  2052 |
|  9 <> 10 |     30 |  2510 |
| 10 <> 11 |     12 |  1164 |
| 11 <> 12 |     12 |  1164 |
| 12 <> 13 |     17 |  1532 |
| 13 <> 14 |     12 |  1164 |
| 14 <> 15 |     13 |  1230 |
| 15 <> 16 |     27 |  2292 |
| 16 <> 17 |     29 |  2422 |
| 17 <> 18 |     11 |  1092 |
| 18 <> 19 |     12 |  1174 |
| 19 <> 20 |     13 |  1230 |
| 20 <> 21 |     11 |  1092 |
| 21 <> 22 |     12 |  1174 |
| 22 <> 23 |     11 |  1092 |
| 23 <> 24 |     21 |  1826 |
| 24 <> 25 |     26 |  2157 |
| 25 <> 26 |     12 |  1172 |
| 26 <> 27 |      9 |   883 |
| 27 <> 28 |     22 |  1939 |
| 28 <> 29 |     22 |  1908 |
| 29 <> 30 |     16 |  1460 |
| 30 <> 31 |     11 |  1092 |
| 31 <> 32 |     12 |  1174 |
| 32 <> 33 |     22 |  1896 |
| 33 <> 34 |     14 |  1309 |
| 34 <> 35 |     28 |  2331 |
| 35 <> 36 |     13 |  1361 |
| 36 <> 37 |     12 |  1158 |
| 37 <> 38 |     12 |  1071 |
| 38 <> 39 |     10 |   955 |
| 39 <> 40 |     16 |  1363 |
| 40 <> 41 |     37 |  3185 |
| 41 <> 42 |     12 |  1174 |
| 42 <> 43 |     16 |  1460 |
| 43 <> 44 |     24 |  2055 |
| 44 <> 45 |     11 |  1092 |
| 45 <> 46 |     11 |  1092 |
| 46 <> 47 |     12 |  1174 |
| 47 <> 48 |     21 |  1826 |
| 48 <> 49 |     11 |  1092 |
| 49 <> 50 |     18 |  1606 |
| 50 <> 51 |     11 |  1092 |
| 51 <> 52 |     12 |  1174 |
| 52 <> 53 |     11 |  1092 |
| 53 <> 54 |     12 |  1093 |
| 54 <> 55 |      9 |   873 |
| 55 <> 56 |     18 |  1511 |
| 56 <> 57 |     23 |  1913 |
| 57 <> 58 |     14 |  1228 |
| 58 <> 59 |      8 |   801 |
| 59 <> Dur|      4 |   373 |
=============================
