Running as user "root" and group "root". This could be dangerous.

=============================
| IO Statistics             |
|                           |
| Duration: 58.124372 secs  |
| Interval:  1 secs         |
|                           |
| Col 1: Frames and bytes   |
|---------------------------|
|          |1               |
| Interval | Frames | Bytes |
|---------------------------|
|  0 <>  1 |      7 |   673 |
|  1 <>  2 |      4 |   363 |
|  2 <>  3 |      5 |   367 |
|  3 <>  4 |      5 |   433 |
|  4 <>  5 |      3 |   291 |
|  5 <>  6 |      4 |   361 |
|  6 <>  7 |      3 |   291 |
|  7 <>  8 |      6 |   767 |
|  8 <>  9 |     15 |  1149 |
|  9 <> 10 |      5 |   438 |
| 10 <> 11 |     10 |   806 |
| 11 <> 12 |      3 |   291 |
| 12 <> 13 |      2 |   219 |
| 13 <> 14 |      2 |   219 |
| 14 <> 15 |      2 |   219 |
| 15 <> 16 |      2 |   219 |
| 16 <> 17 |      4 |   366 |
| 17 <> 18 |      2 |   207 |
| 18 <> 19 |      1 |    90 |
| 19 <> 20 |      2 |   162 |
| 20 <> 21 |      2 |   930 |
| 21 <> 22 |      3 |   198 |
| 22 <> 23 |      0 |     0 |
| 23 <> 24 |      0 |     0 |
| 24 <> 25 |     31 |  2725 |
| 25 <> 26 |      4 |  1155 |
| 26 <> 27 |      8 |   659 |
| 27 <> 28 |      3 |   291 |
| 28 <> 29 |      4 |   381 |
| 29 <> 30 |      6 |  2109 |
| 30 <> 31 |      3 |   291 |
| 31 <> 32 |      8 |   658 |
| 32 <> 33 |     10 |  2386 |
| 33 <> 34 |      6 |  2089 |
| 34 <> 35 |      3 |   291 |
| 35 <> 36 |      3 |   291 |
| 36 <> 37 |      3 |   291 |
| 37 <> 38 |      8 |   658 |
| 38 <> 39 |      4 |   361 |
| 39 <> 40 |      5 |   697 |
| 40 <> 41 |      3 |   291 |
| 41 <> 42 |      3 |   291 |
| 42 <> 43 |      3 |   291 |
| 43 <> 44 |      4 |   361 |
| 44 <> 45 |      3 |   291 |
| 45 <> 46 |      3 |   291 |
| 46 <> 47 |      8 |   658 |
| 47 <> 48 |      3 |   291 |
| 48 <> 49 |      3 |   291 |
| 49 <> 50 |      3 |   291 |
| 50 <> 51 |      3 |   291 |
| 51 <> 52 |      3 |   291 |
| 52 <> 53 |      3 |   291 |
| 53 <> 54 |      8 |   658 |
| 54 <> 55 |      3 |   291 |
| 55 <> 56 |      3 |   291 |
| 56 <> 57 |      3 |   291 |
| 57 <> 58 |      3 |   291 |
| 58 <> Dur|      3 |   291 |
=============================
