Running as user "root" and group "root". This could be dangerous.

=============================
| IO Statistics             |
|                           |
| Duration: 59.522079 secs  |
| Interval:  1 secs         |
|                           |
| Col 1: Frames and bytes   |
|---------------------------|
|          |1               |
| Interval | Frames | Bytes |
|---------------------------|
|  0 <>  1 |     18 |  1684 |
|  1 <>  2 |     20 |  1679 |
|  2 <>  3 |     12 |  1164 |
|  3 <>  4 |     16 |  1465 |
|  4 <>  5 |     15 |  1393 |
|  5 <>  6 |     13 |  1234 |
|  6 <>  7 |     18 |  1601 |
|  7 <>  8 |     13 |  1367 |
|  8 <>  9 |     19 |  1654 |
|  9 <> 10 |     22 |  1899 |
| 10 <> 11 |     20 |  1745 |
| 11 <> 12 |     20 |  1744 |
| 12 <> 13 |     21 |  1868 |
| 13 <> 14 |     13 |  1256 |
| 14 <> 15 |     15 |  1387 |
| 15 <> 16 |     13 |  1240 |
| 16 <> 17 |     23 |  1949 |
| 17 <> 18 |     17 |  1539 |
| 18 <> 19 |     12 |  1112 |
| 19 <> 20 |      8 |   801 |
| 20 <> 21 |     11 |  1021 |
| 21 <> 22 |     13 |  1146 |
| 22 <> 23 |     13 |  1168 |
| 23 <> 24 |     12 |  1112 |
| 24 <> 25 |     46 |  4016 |
| 25 <> 26 |     17 |  1551 |
| 26 <> 27 |     15 |  1345 |
| 27 <> 28 |     11 |  1011 |
| 28 <> 29 |     11 |  1042 |
| 29 <> 30 |      8 |   813 |
| 30 <> 31 |     33 |  2956 |
| 31 <> 32 |     22 |  1920 |
| 32 <> 33 |     28 |  2329 |
| 33 <> 34 |     15 |  1404 |
| 34 <> 35 |     11 |  1030 |
| 35 <> 36 |     11 |  1021 |
| 36 <> 37 |      9 |   883 |
| 37 <> 38 |     21 |  1752 |
| 38 <> 39 |     11 |   999 |
| 39 <> 40 |      9 |  1004 |
| 40 <> 41 |     10 |   953 |
| 41 <> 42 |     37 |  3475 |
| 42 <> 43 |      9 |   873 |
| 43 <> 44 |     14 |  1241 |
| 44 <> 45 |     14 |  1240 |
| 45 <> 46 |      9 |   873 |
| 46 <> 47 |     17 |  1438 |
| 47 <> 48 |      9 |   873 |
| 48 <> 49 |     14 |  1240 |
| 49 <> 50 |     42 |  3860 |
| 50 <> 51 |     12 |  1164 |
| 51 <> 52 |     17 |  1532 |
| 52 <> 53 |     12 |  1164 |
| 53 <> 54 |     17 |  1531 |
| 54 <> 55 |     12 |  1164 |
| 55 <> 56 |     22 |  1898 |
| 56 <> 57 |     17 |  1531 |
| 57 <> 58 |     12 |  1164 |
| 58 <> 59 |     12 |  1164 |
| 59 <> Dur|      9 |   873 |
=============================
