Running as user "root" and group "root". This could be dangerous.

=============================
| IO Statistics             |
|                           |
| Duration: 59.497730 secs  |
| Interval:  1 secs         |
|                           |
| Col 1: Frames and bytes   |
|---------------------------|
|          |1               |
| Interval | Frames | Bytes |
|---------------------------|
|  0 <>  1 |     14 |  1296 |
|  1 <>  2 |     17 |  1531 |
|  2 <>  3 |     19 |  1654 |
|  3 <>  4 |     41 |  3304 |
|  4 <>  5 |     32 |  2587 |
|  5 <>  6 |     32 |  2580 |
|  6 <>  7 |     28 |  2153 |
|  7 <>  8 |     28 |  2201 |
|  8 <>  9 |     29 |  2219 |
|  9 <> 10 |     21 |  1593 |
| 10 <> 11 |      2 |   147 |
| 11 <> 12 |      2 |   147 |
| 12 <> 13 |      4 |   294 |
| 13 <> 14 |      4 |   294 |
| 14 <> 15 |      0 |     0 |
| 15 <> 16 |      0 |     0 |
| 16 <> 17 |      4 |   285 |
| 17 <> 18 |      0 |     0 |
| 18 <> 19 |      8 |   534 |
| 19 <> 20 |      6 |   396 |
| 20 <> 21 |      0 |     0 |
| 21 <> 22 |     93 |  8891 |
| 22 <> 23 |     99 |  9659 |
| 23 <> 24 |     22 |  1900 |
| 24 <> 25 |     22 |  1900 |
| 25 <> 26 |     12 |  1164 |
| 26 <> 27 |     12 |  1164 |
| 27 <> 28 |     12 |  1164 |
| 28 <> 29 |     22 |  1898 |
| 29 <> 30 |     22 |  1898 |
| 30 <> 31 |     12 |  1164 |
| 31 <> 32 |     12 |  1164 |
| 32 <> 33 |     12 |  1164 |
| 33 <> 34 |     20 |  1760 |
| 34 <> 35 |     22 |  1898 |
| 35 <> 36 |     12 |  1164 |
| 36 <> 37 |     17 |  1531 |
| 37 <> 38 |     17 |  1531 |
| 38 <> 39 |     12 |  1164 |
| 39 <> 40 |     12 |  1164 |
| 40 <> 41 |     12 |  1164 |
| 41 <> 42 |     27 |  2265 |
| 42 <> 43 |     22 |  1898 |
| 43 <> 44 |     12 |  1164 |
| 44 <> 45 |     17 |  1531 |
| 45 <> 46 |     17 |  1531 |
| 46 <> 47 |     17 |  1531 |
| 47 <> 48 |     12 |  1164 |
| 48 <> 49 |     17 |  1531 |
| 49 <> 50 |     17 |  1531 |
| 50 <> 51 |     17 |  1531 |
| 51 <> 52 |     22 |  1898 |
| 52 <> 53 |     12 |  1164 |
| 53 <> 54 |     17 |  1531 |
| 54 <> 55 |     12 |  1164 |
| 55 <> 56 |     17 |  1531 |
| 56 <> 57 |     12 |  1164 |
| 57 <> 58 |     17 |  1531 |
| 58 <> 59 |     15 |  1393 |
| 59 <> Dur|      9 |   873 |
=============================
