Running as user "root" and group "root". This could be dangerous.

=============================
| IO Statistics             |
|                           |
| Duration: 58.179746 secs  |
| Interval:  1 secs         |
|                           |
| Col 1: tcp.port==2404     |
|---------------------------|
|          |1               |
| Interval | Frames | Bytes |
|---------------------------|
|  0 <>  1 |      3 |   291 |
|  1 <>  2 |      3 |   291 |
|  2 <>  3 |      3 |   291 |
|  3 <>  4 |     10 |   781 |
|  4 <>  5 |     18 |  1395 |
|  5 <>  6 |     18 |  1372 |
|  6 <>  7 |      2 |   147 |
|  7 <>  8 |      0 |     0 |
|  8 <>  9 |      0 |     0 |
|  9 <> 10 |      2 |   147 |
| 10 <> 11 |      0 |     0 |
| 11 <> 12 |      0 |     0 |
| 12 <> 13 |      2 |   147 |
| 13 <> 14 |      0 |     0 |
| 14 <> 15 |      0 |     0 |
| 15 <> 16 |      2 |   138 |
| 16 <> 17 |      0 |     0 |
| 17 <> 18 |      3 |   198 |
| 18 <> 19 |      0 |     0 |
| 19 <> 20 |      0 |     0 |
| 20 <> 21 |     45 |  4375 |
| 21 <> 22 |      8 |   639 |
| 22 <> 23 |      8 |   659 |
| 23 <> 24 |      3 |   291 |
| 24 <> 25 |      3 |   291 |
| 25 <> 26 |      3 |   291 |
| 26 <> 27 |      3 |   291 |
| 27 <> 28 |      8 |   658 |
| 28 <> 29 |      3 |   291 |
| 29 <> 30 |      3 |   291 |
| 30 <> 31 |      3 |   291 |
| 31 <> 32 |      3 |   291 |
| 32 <> 33 |      3 |   291 |
| 33 <> 34 |      8 |   658 |
| 34 <> 35 |      3 |   291 |
| 35 <> 36 |      3 |   291 |
| 36 <> 37 |      3 |   291 |
| 37 <> 38 |      3 |   291 |
| 38 <> 39 |      3 |   291 |
| 39 <> 40 |      3 |   291 |
| 40 <> 41 |      3 |   291 |
| 41 <> 42 |      8 |   658 |
| 42 <> 43 |      3 |   291 |
| 43 <> 44 |      3 |   291 |
| 44 <> 45 |      8 |   658 |
| 45 <> 46 |      8 |   658 |
| 46 <> 47 |      3 |   291 |
| 47 <> 48 |      3 |   291 |
| 48 <> 49 |      3 |   291 |
| 49 <> 50 |      3 |   291 |
| 50 <> 51 |      3 |   291 |
| 51 <> 52 |      3 |   291 |
| 52 <> 53 |      3 |   291 |
| 53 <> 54 |      3 |   291 |
| 54 <> 55 |      8 |   658 |
| 55 <> 56 |      3 |   291 |
| 56 <> 57 |      3 |   291 |
| 57 <> 58 |      3 |   291 |
| 58 <> Dur|      3 |   291 |
=============================
