Running as user "root" and group "root". This could be dangerous.

=============================
| IO Statistics             |
|                           |
| Duration: 59.282854 secs  |
| Interval:  1 secs         |
|                           |
| Col 1: Frames and bytes   |
|---------------------------|
|          |1               |
| Interval | Frames | Bytes |
|---------------------------|
|  0 <>  1 |     10 |  1070 |
|  1 <>  2 |      4 |   357 |
|  2 <>  3 |      7 |   592 |
|  3 <>  4 |      3 |   291 |
|  4 <>  5 |      3 |   291 |
|  5 <>  6 |      3 |   291 |
|  6 <>  7 |      7 |   592 |
|  7 <>  8 |      2 |   225 |
|  8 <>  9 |      3 |   285 |
|  9 <> 10 |     13 |   985 |
| 10 <> 11 |      4 |   363 |
| 11 <> 12 |      1 |    90 |
| 12 <> 13 |      1 |    90 |
| 13 <> 14 |      1 |   864 |
| 14 <> 15 |      4 |   287 |
| 15 <> 16 |      1 |    70 |
| 16 <> 17 |      3 |  1270 |
| 17 <> 18 |      0 |     0 |
| 18 <> 19 |      0 |     0 |
| 19 <> 20 |      0 |     0 |
| 20 <> 21 |      1 |   864 |
| 21 <> 22 |      0 |     0 |
| 22 <> 23 |      0 |     0 |
| 23 <> 24 |      3 |   198 |
| 24 <> 25 |      1 |   864 |
| 25 <> 26 |      0 |     0 |
| 26 <> 27 |     15 |  1627 |
| 27 <> 28 |     39 |  3453 |
| 28 <> 29 |      7 |   593 |
| 29 <> 30 |      4 |   357 |
| 30 <> 31 |      3 |   291 |
| 31 <> 32 |      3 |   291 |
| 32 <> 33 |      3 |   291 |
| 33 <> 34 |      7 |   592 |
| 34 <> 35 |      4 |   357 |
| 35 <> 36 |      6 |   520 |
| 36 <> 37 |      5 |   429 |
| 37 <> 38 |      5 |   471 |
| 38 <> 39 |      3 |   291 |
| 39 <> 40 |      4 |  1155 |
| 40 <> 41 |      3 |   291 |
| 41 <> 42 |      3 |   291 |
| 42 <> 43 |      6 |   520 |
| 43 <> 44 |      5 |   429 |
| 44 <> 45 |      4 |  1155 |
| 45 <> 46 |      5 |  2019 |
| 46 <> 47 |      3 |   291 |
| 47 <> 48 |      4 |   361 |
| 48 <> 49 |      5 |   697 |
| 49 <> 50 |      3 |   291 |
| 50 <> 51 |      5 |   431 |
| 51 <> 52 |      6 |   520 |
| 52 <> 53 |      5 |   429 |
| 53 <> 54 |      3 |   291 |
| 54 <> 55 |      3 |   291 |
| 55 <> 56 |      3 |   291 |
| 56 <> 57 |      3 |   291 |
| 57 <> 58 |      3 |   291 |
| 58 <> 59 |      3 |   291 |
| 59 <> Dur|      3 |   291 |
=============================
