Running as user "root" and group "root". This could be dangerous.

=============================
| IO Statistics             |
|                           |
| Duration: 59.824508 secs  |
| Interval:  1 secs         |
|                           |
| Col 1: tcp.port==2404     |
|---------------------------|
|          |1               |
| Interval | Frames | Bytes |
|---------------------------|
|  0 <>  1 |     22 |  1926 |
|  1 <>  2 |     16 |  1465 |
|  2 <>  3 |     21 |  1832 |
|  3 <>  4 |     12 |  1164 |
|  4 <>  5 |     12 |  1164 |
|  5 <>  6 |     12 |  1164 |
|  6 <>  7 |     15 |  1393 |
|  7 <>  8 |     17 |  1537 |
|  8 <>  9 |     19 |  1654 |
|  9 <> 10 |     34 |  2719 |
| 10 <> 11 |     25 |  2042 |
| 11 <> 12 |     22 |  1841 |
| 12 <> 13 |     11 |   986 |
| 13 <> 14 |      4 |   354 |
| 14 <> 15 |      2 |   147 |
| 15 <> 16 |      0 |     0 |
| 16 <> 17 |      4 |   294 |
| 17 <> 18 |      4 |   294 |
| 18 <> 19 |      2 |   147 |
| 19 <> 20 |      2 |   147 |
| 20 <> 21 |      4 |   285 |
| 21 <> 22 |      3 |   198 |
| 22 <> 23 |      0 |     0 |
| 23 <> 24 |      3 |   198 |
| 24 <> 25 |     61 |  5449 |
| 25 <> 26 |      3 |   291 |
| 26 <> 27 |     53 |  4959 |
| 27 <> 28 |    107 | 10193 |
| 28 <> 29 |     17 |  1532 |
| 29 <> 30 |     22 |  1900 |
| 30 <> 31 |     12 |  1164 |
| 31 <> 32 |     17 |  1531 |
| 32 <> 33 |     12 |  1164 |
| 33 <> 34 |     17 |  1531 |
| 34 <> 35 |     22 |  1898 |
| 35 <> 36 |     17 |  1531 |
| 36 <> 37 |     17 |  1531 |
| 37 <> 38 |     13 |  1230 |
| 38 <> 39 |     18 |  1597 |
| 39 <> 40 |     27 |  2265 |
| 40 <> 41 |     12 |  1164 |
| 41 <> 42 |     12 |  1164 |
| 42 <> 43 |     12 |  1164 |
| 43 <> 44 |     22 |  1898 |
| 44 <> 45 |     17 |  1531 |
| 45 <> 46 |     12 |  1164 |
| 46 <> 47 |     12 |  1164 |
| 47 <> 48 |     12 |  1164 |
| 48 <> 49 |     22 |  1898 |
| 49 <> 50 |     17 |  1531 |
| 50 <> 51 |     12 |  1164 |
| 51 <> 52 |     12 |  1164 |
| 52 <> 53 |     17 |  1531 |
| 53 <> 54 |     17 |  1531 |
| 54 <> 55 |     22 |  1898 |
| 55 <> 56 |     12 |  1164 |
| 56 <> 57 |     12 |  1164 |
| 57 <> 58 |     12 |  1164 |
| 58 <> 59 |     12 |  1164 |
| 59 <> Dur|     22 |  1898 |
=============================
