Running as user "root" and group "root". This could be dangerous.

=============================
| IO Statistics             |
|                           |
| Duration: 59.520938 secs  |
| Interval:  1 secs         |
|                           |
| Col 1: tcp.port==2404     |
|---------------------------|
|          |1               |
| Interval | Frames | Bytes |
|---------------------------|
|  0 <>  1 |     12 |  1164 |
|  1 <>  2 |     13 |  1317 |
|  2 <>  3 |     12 |  1164 |
|  3 <>  4 |     22 |  1898 |
|  4 <>  5 |     22 |  1898 |
|  5 <>  6 |     11 |  1011 |
|  6 <>  7 |     12 |  1164 |
|  7 <>  8 |     22 |  1898 |
|  8 <>  9 |     12 |  1164 |
|  9 <> 10 |     12 |  1164 |
| 10 <> 11 |     12 |  1164 |
| 11 <> 12 |     22 |  1898 |
| 12 <> 13 |     22 |  1898 |
| 13 <> 14 |     22 |  1898 |
| 14 <> 15 |     12 |  1164 |
| 15 <> 16 |     12 |  1164 |
| 16 <> 17 |     12 |  1164 |
| 17 <> 18 |     12 |  1164 |
| 18 <> 19 |     12 |  1164 |
| 19 <> 20 |     12 |  1164 |
| 20 <> 21 |     22 |  1898 |
| 21 <> 22 |     12 |  1164 |
| 22 <> 23 |     22 |  1898 |
| 23 <> 24 |     22 |  1898 |
| 24 <> 25 |     12 |  1164 |
| 25 <> 26 |     12 |  1164 |
| 26 <> 27 |     22 |  1898 |
| 27 <> 28 |     12 |  1164 |
| 28 <> 29 |     22 |  1898 |
| 29 <> 30 |     12 |  1164 |
| 30 <> 31 |     22 |  1898 |
| 31 <> 32 |     12 |  1164 |
| 32 <> 33 |     12 |  1164 |
| 33 <> 34 |     22 |  1898 |
| 34 <> 35 |     12 |  1164 |
| 35 <> 36 |     12 |  1164 |
| 36 <> 37 |     12 |  1164 |
| 37 <> 38 |     32 |  2632 |
| 38 <> 39 |     32 |  2632 |
| 39 <> 40 |     12 |  1164 |
| 40 <> 41 |     12 |  1164 |
| 41 <> 42 |     12 |  1164 |
| 42 <> 43 |     12 |  1164 |
| 43 <> 44 |     12 |  1164 |
| 44 <> 45 |     12 |  1164 |
| 45 <> 46 |     22 |  1898 |
| 46 <> 47 |     12 |  1164 |
| 47 <> 48 |     22 |  1898 |
| 48 <> 49 |     12 |  1164 |
| 49 <> 50 |     12 |  1164 |
| 50 <> 51 |     12 |  1164 |
| 51 <> 52 |     12 |  1164 |
| 52 <> 53 |     12 |  1164 |
| 53 <> 54 |     12 |  1164 |
| 54 <> 55 |     22 |  1898 |
| 55 <> 56 |     32 |  2632 |
| 56 <> 57 |     22 |  1898 |
| 57 <> 58 |     12 |  1164 |
| 58 <> 59 |     12 |  1164 |
| 59 <> Dur|     12 |  1164 |
=============================
