Running as user "root" and group "root". This could be dangerous.

=============================
| IO Statistics             |
|                           |
| Duration: 59.328830 secs  |
| Interval:  1 secs         |
|                           |
| Col 1: Frames and bytes   |
|---------------------------|
|          |1               |
| Interval | Frames | Bytes |
|---------------------------|
|  0 <>  1 |     12 |  1164 |
|  1 <>  2 |     21 |  1913 |
|  2 <>  3 |     14 |  1326 |
|  3 <>  4 |     18 |  1621 |
|  4 <>  5 |     14 |  1240 |
|  5 <>  6 |     14 |  2094 |
|  6 <>  7 |     16 |  1459 |
|  7 <>  8 |     12 |  1164 |
|  8 <>  9 |     20 |  1720 |
|  9 <> 10 |     33 |  2635 |
| 10 <> 11 |     28 |  3064 |
| 11 <> 12 |     21 |  1702 |
| 12 <> 13 |     14 |  1325 |
| 13 <> 14 |      3 |  1011 |
| 14 <> 15 |      3 |  1011 |
| 15 <> 16 |      2 |  1728 |
| 16 <> 17 |      0 |     0 |
| 17 <> 18 |      4 |   294 |
| 18 <> 19 |      0 |     0 |
| 19 <> 20 |      4 |  1083 |
| 20 <> 21 |      3 |   198 |
| 21 <> 22 |      3 |   198 |
| 22 <> 23 |      4 |   270 |
| 23 <> 24 |     51 |  4696 |
| 24 <> 25 |     56 |  5917 |
| 25 <> 26 |     52 |  4893 |
| 26 <> 27 |     14 |  1241 |
| 27 <> 28 |     65 |  6030 |
| 28 <> 29 |     13 |  1230 |
| 29 <> 30 |     18 |  1598 |
| 30 <> 31 |     17 |  1531 |
| 31 <> 32 |     18 |  1597 |
| 32 <> 33 |     18 |  1597 |
| 33 <> 34 |     12 |  1164 |
| 34 <> 35 |     22 |  1898 |
| 35 <> 36 |     22 |  1898 |
| 36 <> 37 |     13 |  1230 |
| 37 <> 38 |     13 |  1230 |
| 38 <> 39 |     22 |  1898 |
| 39 <> 40 |     17 |  1531 |
| 40 <> 41 |     13 |  1234 |
| 41 <> 42 |     13 |  1230 |
| 42 <> 43 |     21 |  1826 |
| 43 <> 44 |     13 |  1230 |
| 44 <> 45 |     14 |  1433 |
| 45 <> 46 |     17 |  1529 |
| 46 <> 47 |     13 |  1230 |
| 47 <> 48 |     13 |  1230 |
| 48 <> 49 |     18 |  1597 |
| 49 <> 50 |     22 |  1898 |
| 50 <> 51 |     20 |  1760 |
| 51 <> 52 |     12 |  1164 |
| 52 <> 53 |     12 |  1164 |
| 53 <> 54 |     13 |  1230 |
| 54 <> 55 |     18 |  1597 |
| 55 <> 56 |     17 |  1531 |
| 56 <> 57 |     18 |  1597 |
| 57 <> 58 |     13 |  1230 |
| 58 <> 59 |     16 |  1459 |
| 59 <> Dur|      6 |   582 |
=============================
