Running as user "root" and group "root". This could be dangerous.

=============================
| IO Statistics             |
|                           |
| Duration: 59.563241 secs  |
| Interval:  1 secs         |
|                           |
| Col 1: tcp.port==2404     |
|---------------------------|
|          |1               |
| Interval | Frames | Bytes |
|---------------------------|
|  0 <>  1 |     17 |  1581 |
|  1 <>  2 |     19 |  1694 |
|  2 <>  3 |     25 |  2046 |
|  3 <>  4 |     21 |  1832 |
|  4 <>  5 |     17 |  1531 |
|  5 <>  6 |     12 |  1164 |
|  6 <>  7 |     12 |  1164 |
|  7 <>  8 |     12 |  1164 |
|  8 <>  9 |     25 |  2088 |
|  9 <> 10 |     12 |  1164 |
| 10 <> 11 |     21 |  1833 |
| 11 <> 12 |     19 |  1678 |
| 12 <> 13 |     18 |  1613 |
| 13 <> 14 |     19 |  1705 |
| 14 <> 15 |     18 |  1607 |
| 15 <> 16 |     11 |  1092 |
| 16 <> 17 |     12 |  1174 |
| 17 <> 18 |     11 |  1092 |
| 18 <> 19 |     22 |  1883 |
| 19 <> 20 |     20 |  1759 |
| 20 <> 21 |     13 |  1163 |
| 21 <> 22 |     10 |   948 |
| 22 <> 23 |     13 |  1184 |
| 23 <> 24 |     34 |  2954 |
| 24 <> 25 |     11 |  1092 |
| 25 <> 26 |     17 |  1542 |
| 26 <> 27 |     11 |  1092 |
| 27 <> 28 |     11 |  1092 |
| 28 <> 29 |     11 |  1092 |
| 29 <> 30 |     23 |  1943 |
| 30 <> 31 |     26 |  2186 |
| 31 <> 32 |      9 |   883 |
| 32 <> 33 |     10 |   948 |
| 33 <> 34 |     32 |  2745 |
| 34 <> 35 |     11 |  1092 |
| 35 <> 36 |     16 |  1460 |
| 36 <> 37 |     12 |  1174 |
| 37 <> 38 |     13 |  1239 |
| 38 <> 39 |     16 |  1459 |
| 39 <> 40 |     25 |  2087 |
| 40 <> 41 |     20 |  1759 |
| 41 <> 42 |      9 |   883 |
| 42 <> 43 |      9 |   883 |
| 43 <> 44 |     14 |  1250 |
| 44 <> 45 |     13 |  1168 |
| 45 <> 46 |     11 |   999 |
| 46 <> 47 |     10 |   948 |
| 47 <> 48 |      9 |   883 |
| 48 <> 49 |     38 |  3553 |
| 49 <> 50 |     11 |  1092 |
| 50 <> 51 |     16 |  1460 |
| 51 <> 52 |     11 |  1080 |
| 52 <> 53 |     14 |  1240 |
| 53 <> 54 |     14 |  1240 |
| 54 <> 55 |     12 |  1071 |
| 55 <> 56 |     19 |  1607 |
| 56 <> 57 |     14 |  1240 |
| 57 <> 58 |     37 |  3307 |
| 58 <> 59 |     17 |  1531 |
| 59 <> Dur|     22 |  1899 |
=============================
