Running as user "root" and group "root". This could be dangerous.

=============================
| IO Statistics             |
|                           |
| Duration: 59.553145 secs  |
| Interval:  1 secs         |
|                           |
| Col 1: Frames and bytes   |
|---------------------------|
|          |1               |
| Interval | Frames | Bytes |
|---------------------------|
|  0 <>  1 |     16 |  1465 |
|  1 <>  2 |     19 |  1700 |
|  2 <>  3 |     18 |  1628 |
|  3 <>  4 |     18 |  1696 |
|  4 <>  5 |     12 |  1164 |
|  5 <>  6 |     14 |  1304 |
|  6 <>  7 |     16 |  1459 |
|  7 <>  8 |     14 |  1433 |
|  8 <>  9 |     19 |  1694 |
|  9 <> 10 |     29 |  2375 |
| 10 <> 11 |     36 |  2815 |
| 11 <> 12 |     21 |  1762 |
| 12 <> 13 |     15 |  1277 |
| 13 <> 14 |      6 |   546 |
| 14 <> 15 |      3 |  1011 |
| 15 <> 16 |      2 |   147 |
| 16 <> 17 |      0 |     0 |
| 17 <> 18 |      5 |  1158 |
| 18 <> 19 |      0 |     0 |
| 19 <> 20 |      6 |   432 |
| 20 <> 21 |      0 |     0 |
| 21 <> 22 |      1 |   864 |
| 22 <> 23 |      5 |   336 |
| 23 <> 24 |      0 |     0 |
| 24 <> 25 |      5 |   336 |
| 25 <> 26 |     54 |  5599 |
| 26 <> 27 |      6 |   489 |
| 27 <> 28 |     53 |  4959 |
| 28 <> 29 |     61 |  5821 |
| 29 <> 30 |     78 |  7353 |
| 30 <> 31 |     17 |  1532 |
| 31 <> 32 |     17 |  1532 |
| 32 <> 33 |     17 |  1531 |
| 33 <> 34 |     12 |  1164 |
| 34 <> 35 |     22 |  1898 |
| 35 <> 36 |     17 |  1531 |
| 36 <> 37 |     22 |  1898 |
| 37 <> 38 |     12 |  1164 |
| 38 <> 39 |     12 |  1164 |
| 39 <> 40 |     23 |  2101 |
| 40 <> 41 |     17 |  1531 |
| 41 <> 42 |     17 |  1531 |
| 42 <> 43 |     14 |  1304 |
| 43 <> 44 |     17 |  1531 |
| 44 <> 45 |     17 |  1531 |
| 45 <> 46 |     12 |  1164 |
| 46 <> 47 |     17 |  1531 |
| 47 <> 48 |     22 |  1898 |
| 48 <> 49 |     12 |  1164 |
| 49 <> 50 |     27 |  2265 |
| 50 <> 51 |     12 |  1164 |
| 51 <> 52 |     17 |  1531 |
| 52 <> 53 |     12 |  1164 |
| 53 <> 54 |     17 |  1531 |
| 54 <> 55 |     12 |  1164 |
| 55 <> 56 |     17 |  1531 |
| 56 <> 57 |     12 |  1164 |
| 57 <> 58 |     12 |  1164 |
| 58 <> 59 |     22 |  1898 |
| 59 <> Dur|     17 |  1531 |
=============================
