Running as user "root" and group "root". This could be dangerous.

=============================
| IO Statistics             |
|                           |
| Duration: 59.661633 secs  |
| Interval:  1 secs         |
|                           |
| Col 1: Frames and bytes   |
|---------------------------|
|          |1               |
| Interval | Frames | Bytes |
|---------------------------|
|  0 <>  1 |     12 |  1164 |
|  1 <>  2 |     17 |  1531 |
|  2 <>  3 |     12 |  1164 |
|  3 <>  4 |     17 |  1531 |
|  4 <>  5 |     12 |  1164 |
|  5 <>  6 |     17 |  1531 |
|  6 <>  7 |     12 |  1164 |
|  7 <>  8 |     17 |  1531 |
|  8 <>  9 |     24 |  2021 |
|  9 <> 10 |     37 |  3003 |
| 10 <> 11 |     38 |  3021 |
| 11 <> 12 |     30 |  2426 |
| 12 <> 13 |     29 |  2219 |
| 13 <> 14 |     21 |  1686 |
| 14 <> 15 |     22 |  1649 |
| 15 <> 16 |     32 |  3963 |
| 16 <> 17 |      8 |  1106 |
| 17 <> 18 |      3 |   217 |
| 18 <> 19 |      2 |   147 |
| 19 <> 20 |      3 |   198 |
| 20 <> 21 |      2 |   147 |
| 21 <> 22 |      0 |     0 |
| 22 <> 23 |     48 |  4333 |
| 23 <> 24 |      6 |   489 |
| 24 <> 25 |      8 |   659 |
| 25 <> 26 |      3 |   291 |
| 26 <> 27 |     43 |  4174 |
| 27 <> 28 |      9 |   780 |
| 28 <> 29 |     11 |   950 |
| 29 <> 30 |     11 |   949 |
| 30 <> 31 |     67 |  6403 |
| 31 <> 32 |      9 |   873 |
| 32 <> 33 |     14 |  1241 |
| 33 <> 34 |     62 |  6110 |
| 34 <> 35 |     12 |  1164 |
| 35 <> 36 |     22 |  1899 |
| 36 <> 37 |     12 |  1164 |
| 37 <> 38 |     22 |  1898 |
| 38 <> 39 |     17 |  1531 |
| 39 <> 40 |     12 |  1164 |
| 40 <> 41 |     22 |  1898 |
| 41 <> 42 |     12 |  1164 |
| 42 <> 43 |     12 |  1164 |
| 43 <> 44 |     17 |  1531 |
| 44 <> 45 |     17 |  1531 |
| 45 <> 46 |     17 |  1531 |
| 46 <> 47 |     17 |  1531 |
| 47 <> 48 |     12 |  1164 |
| 48 <> 49 |     17 |  1531 |
| 49 <> 50 |     12 |  1164 |
| 50 <> 51 |     19 |  1671 |
| 51 <> 52 |     17 |  1531 |
| 52 <> 53 |     12 |  1164 |
| 53 <> 54 |     12 |  1164 |
| 54 <> 55 |     17 |  1531 |
| 55 <> 56 |     22 |  1898 |
| 56 <> 57 |     12 |  1164 |
| 57 <> 58 |     17 |  1531 |
| 58 <> 59 |     12 |  1164 |
| 59 <> Dur|     17 |  1531 |
=============================
